Frequency (Hz)	Level (dB)
5.383301	-97.031586
10.766602	-93.758774
16.149902	-85.798790
21.533203	-80.807770
26.916504	-79.816635
32.299805	-72.591927
37.683105	-69.093201
43.066406	-68.626190
48.449707	-69.070763
53.833008	-70.735062
59.216309	-72.506088
64.599609	-71.076599
69.982910	-70.857445
75.366211	-74.108154
80.749512	-75.950615
86.132812	-75.222267
91.516113	-76.759499
96.899414	-68.763527
102.282715	-55.416149
107.666016	-39.856270
113.049316	-27.790091
118.432617	-19.943958
123.815918	-16.338875
129.199219	-16.973820
134.582520	-21.859257
139.965820	-31.062288
145.349121	-44.980534
150.732422	-63.611526
156.115723	-66.467476
161.499023	-69.585136
166.882324	-71.873466
172.265625	-70.423088
177.648926	-69.077477
183.032227	-69.326675
188.415527	-71.789833
193.798828	-79.400459
199.182129	-74.338943
204.565430	-67.472107
209.948730	-64.181999
215.332031	-62.758869
220.715332	-63.404396
226.098633	-62.345398
231.481934	-50.044231
236.865234	-37.336952
242.248535	-28.152899
247.631836	-23.060911
253.015137	-22.171963
258.398438	-25.513512
263.781738	-33.108578
269.165039	-44.903130
274.548340	-57.805500
279.931641	-63.672848
285.314941	-66.771492
290.698242	-68.129349
296.081543	-69.246208
301.464844	-69.167175
306.848145	-69.714790
312.231445	-67.580475
317.614746	-66.105804
322.998047	-69.175232
328.381348	-67.845741
333.764648	-65.321678
339.147949	-66.403267
344.531250	-67.136177
349.914551	-63.925465
355.297852	-57.977825
360.681152	-47.268692
366.064453	-37.194408
371.447754	-30.717461
376.831055	-28.316046
382.214355	-30.082191
387.597656	-36.024426
392.980957	-45.936348
398.364258	-56.919456
403.747559	-61.733242
409.130859	-63.637508
414.514160	-64.211861
419.897461	-64.665344
425.280762	-67.312538
430.664062	-70.436081
436.047363	-70.153404
441.430664	-72.955803
446.813965	-72.287399
452.197266	-66.513763
457.580566	-64.774971
462.963867	-65.393661
468.347168	-65.216286
473.730469	-64.022194
479.113770	-61.394928
484.497070	-51.917904
489.880371	-40.948616
495.263672	-33.257423
500.646973	-29.561586
506.030273	-30.002220
511.413574	-34.577549
516.796875	-42.773811
522.180176	-50.101818
527.563477	-51.961201
532.946777	-52.512062
538.330078	-52.425274
543.713379	-53.017979
549.096680	-55.765167
554.479980	-62.481880
559.863281	-57.443405
565.246582	-53.869595
570.629883	-56.375362
576.013184	-60.114925
581.396484	-52.326702
586.779785	-50.148178
592.163086	-51.417175
597.546387	-53.311043
602.929688	-52.690357
608.312988	-46.905342
613.696289	-36.357086
619.079590	-27.352877
624.462891	-22.158882
629.846191	-21.119289
635.229492	-24.301008
640.612793	-31.739023
645.996094	-42.915771
651.379395	-53.066643
656.762695	-63.688297
662.145996	-52.785542
667.529297	-49.913368
672.912598	-51.294949
678.295898	-56.029301
683.679199	-59.055435
689.062500	-56.468399
694.445801	-56.987049
699.829102	-60.219677
705.212402	-56.674168
710.595703	-52.819603
715.979004	-52.370663
721.362305	-54.507626
726.745605	-55.639091
732.128906	-52.017136
737.512207	-45.598877
742.895508	-36.893799
748.278809	-30.319092
753.662109	-27.656590
759.045410	-29.135456
764.428711	-34.800224
769.812012	-44.781746
775.195312	-56.759182
780.578613	-58.375965
785.961914	-59.314083
791.345215	-60.248631
796.728516	-59.889439
802.111816	-59.833534
807.495117	-56.939938
812.878418	-54.864082
818.261719	-56.058357
823.645020	-58.972015
829.028320	-59.795696
834.411621	-55.867500
839.794922	-52.626556
845.178223	-52.191719
850.561523	-53.567947
855.944824	-53.847591
861.328125	-48.895252
866.711426	-40.870201
872.094727	-33.883457
877.478027	-30.162041
882.861328	-30.356674
888.244629	-34.628143
893.627930	-42.798092
899.011230	-52.106224
904.394531	-57.482685
909.777832	-59.527122
915.161133	-59.141827
920.544434	-59.310493
925.927734	-59.806530
931.311035	-62.895023
936.694336	-64.571831
942.077637	-62.824306
947.460938	-63.524044
952.844238	-64.676155
958.227539	-65.498863
963.610840	-63.919823
968.994141	-62.875042
974.377441	-64.040291
979.760742	-64.825859
985.144043	-62.592728
990.527344	-55.791023
995.910645	-47.393211
1001.293945	-41.786247
1006.677246	-39.959282
1012.060547	-41.962379
1017.443848	-47.645317
1022.827148	-56.343647
1028.210449	-58.826565
1033.593750	-55.791851
1038.977051	-54.192898
1044.360352	-53.863388
1049.743652	-54.412212
1055.126953	-56.431564
1060.510254	-58.276886
1065.893555	-56.964470
1071.276855	-56.539299
1076.660156	-58.441036
1082.043457	-60.984138
1087.426758	-55.860195
1092.810059	-53.411621
1098.193359	-55.048660
1103.576660	-57.909832
1108.959961	-53.484665
1114.343262	-49.603844
1119.726562	-47.081390
1125.109863	-43.648872
1130.493164	-40.755550
1135.876465	-41.022778
1141.259766	-45.409260
1146.643066	-53.002121
1152.026367	-52.484695
1157.409668	-50.678261
1162.792969	-50.603947
1168.176270	-51.851025
1173.559570	-53.230583
1178.942871	-54.469013
1184.326172	-57.502224
1189.709473	-62.743786
1195.092773	-61.792995
1200.476074	-60.150635
1205.859375	-61.926277
1211.242676	-66.611877
1216.625977	-67.096596
1222.009277	-64.071541
1227.392578	-62.556492
1232.775879	-60.921963
1238.159180	-58.558132
1243.542480	-53.282475
1248.925781	-47.175053
1254.309082	-43.786076
1259.692383	-44.067760
1265.075684	-48.407013
1270.458984	-56.802113
1275.842285	-63.418484
1281.225586	-67.216843
1286.608887	-67.367332
1291.992188	-64.677185
1297.375488	-63.775066
1302.758789	-64.159462
1308.142090	-65.845833
1313.525391	-68.378517
1318.908691	-68.888168
1324.291992	-67.797554
1329.675293	-68.980400
1335.058594	-74.672623
1340.441895	-78.920609
1345.825195	-75.348412
1351.208496	-75.794449
1356.591797	-74.696609
1361.975098	-68.809196
1367.358398	-64.474869
1372.741699	-58.973324
1378.125000	-53.879601
1383.508301	-52.104172
1388.891602	-54.223888
1394.274902	-60.440540
1399.658203	-70.953667
1405.041504	-77.271980
1410.424805	-76.053940
1415.808105	-75.839378
1421.191406	-75.660965
1426.574707	-76.389626
1431.958008	-80.057030
1437.341309	-84.254021
1442.724609	-79.815132
1448.107910	-76.145927
1453.491211	-74.313148
1458.874512	-74.738586
1464.257812	-75.309929
1469.641113	-75.845131
1475.024414	-75.684479
1480.407715	-73.424759
1485.791016	-71.507042
1491.174316	-69.663422
1496.557617	-65.704346
1501.940918	-61.914360
1507.324219	-60.743641
1512.707520	-63.075237
1518.090820	-69.400681
1523.474121	-76.032455
1528.857422	-75.042068
1534.240723	-74.468658
1539.624023	-74.133591
1545.007324	-73.825638
1550.390625	-73.824066
1555.773926	-74.519150
1561.157227	-76.364830
1566.540527	-78.388405
1571.923828	-78.562668
1577.307129	-78.539146
1582.690430	-79.457787
1588.073730	-78.996124
1593.457031	-80.027428
1598.840332	-84.460037
1604.223633	-84.867043
1609.606934	-84.806740
1614.990234	-79.251534
1620.373535	-70.743309
1625.756836	-64.085617
1631.140137	-60.503117
1636.523438	-60.298332
1641.906738	-63.703079
1647.290039	-70.805168
1652.673340	-77.516151
1658.056641	-79.759491
1663.439941	-84.466248
1668.823242	-82.477280
1674.206543	-77.789520
1679.589844	-76.835426
1684.973145	-78.697166
1690.356445	-81.180290
1695.739746	-80.222824
1701.123047	-77.939545
1706.506348	-76.999275
1711.889648	-76.751579
1717.272949	-75.839317
1722.656250	-75.145020
1728.039551	-75.039360
1733.422852	-74.840759
1738.806152	-75.367897
1744.189453	-76.834015
1749.572754	-73.113152
1754.956055	-66.881790
1760.339355	-64.063568
1765.722656	-65.009987
1771.105957	-69.385674
1776.489258	-74.968918
1781.872559	-75.477211
1787.255859	-75.891724
1792.639160	-77.031471
1798.022461	-76.933266
1803.405762	-76.128281
1808.789062	-76.146233
1814.172363	-77.135033
1819.555664	-77.633957
1824.938965	-78.401886
1830.322266	-81.560623
1835.705566	-83.921204
1841.088867	-82.689056
1846.472168	-84.336151
1851.855469	-91.584885
1857.238770	-85.609169
1862.622070	-81.239182
1868.005371	-76.078659
1873.388672	-69.523270
1878.771973	-64.479752
1884.155273	-62.294575
1889.538574	-63.378864
1894.921875	-67.759903
1900.305176	-74.424667
1905.688477	-78.125938
1911.071777	-80.265579
1916.455078	-85.803421
1921.838379	-87.321938
1927.221680	-83.349098
1932.604980	-81.111130
1937.988281	-80.220444
1943.371582	-80.421265
1948.754883	-81.827446
1954.138184	-82.815208
1959.521484	-82.121666
1964.904785	-81.722389
1970.288086	-80.295906
1975.671387	-78.456863
1981.054688	-78.107330
1986.437988	-78.963982
1991.821289	-78.891914
1997.204590	-78.518997
2002.587891	-71.695160
2007.971191	-65.751511
2013.354492	-63.901669
2018.737793	-65.658997
2024.121094	-70.323494
2029.504395	-75.190666
2034.887695	-77.166412
2040.270996	-78.324165
2045.654297	-78.496315
2051.037598	-78.687111
2056.420898	-78.904617
2061.804199	-77.352318
2067.187500	-75.723091
2072.570801	-76.364113
2077.954102	-79.390892
2083.337402	-81.625549
2088.720703	-83.556335
2094.104004	-84.965446
2099.487305	-84.950706
2104.870605	-87.948677
2110.253906	-84.109077
2115.637207	-80.781136
2121.020508	-77.527237
2126.403809	-73.059914
2131.787109	-69.751678
2137.170410	-68.964478
2142.553711	-70.639870
2147.937012	-74.066025
2153.320312	-76.785919
2158.703613	-79.015259
2164.086914	-82.335579
2169.470215	-83.914818
2174.853516	-81.522705
2180.236816	-82.747528
2185.620117	-81.204338
2191.003418	-74.335358
2196.386719	-72.170319
2201.770020	-74.015083
2207.153320	-77.738327
2212.536621	-76.664101
2217.919922	-74.489082
2223.303223	-72.985291
2228.686523	-71.764198
2234.069824	-70.962524
2239.453125	-70.931839
2244.836426	-68.884628
2250.219727	-64.075676
2255.603027	-59.006546
2260.986328	-56.025021
2266.369629	-56.008408
2271.752930	-58.926437
2277.136230	-63.445972
2282.519531	-66.310486
2287.902832	-66.773834
2293.286133	-66.153458
2298.669434	-65.404724
2304.052734	-64.728149
2309.436035	-64.890472
2314.819336	-64.197411
2320.202637	-63.102196
2325.585938	-63.535908
2330.969238	-65.753769
2336.352539	-67.451042
2341.735840	-66.541084
2347.119141	-64.593163
2352.502441	-64.820076
2357.885742	-67.756409
2363.269043	-70.312447
2368.652344	-68.802757
2374.035645	-69.855652
2379.418945	-68.314026
2384.802246	-57.910286
2390.185547	-54.464691
2395.568848	-55.995213
2400.952148	-61.913338
2406.335449	-70.347481
2411.718750	-70.522575
2417.102051	-68.643890
2422.485352	-68.640251
2427.868652	-65.456291
2433.251953	-64.206909
2438.635254	-66.426796
2444.018555	-71.010582
2449.401855	-73.217316
2454.785156	-73.118652
2460.168457	-71.668411
2465.551758	-69.967659
2470.935059	-68.730637
2476.318359	-67.255585
2481.701660	-66.132996
2487.084961	-66.372040
2492.468262	-67.384010
2497.851562	-65.688011
2503.234863	-61.295063
2508.618164	-58.276249
2514.001465	-58.233521
2519.384766	-61.680347
2524.768066	-68.536766
2530.151367	-71.572212
2535.534668	-71.067802
2540.917969	-71.676933
2546.301270	-72.050179
2551.684570	-71.464249
2557.067871	-71.228600
2562.451172	-72.529305
2567.834473	-74.500366
2573.217773	-75.823608
2578.601074	-77.885750
2583.984375	-83.124329
2589.367676	-81.022202
2594.750977	-76.003944
2600.134277	-74.614761
2605.517578	-75.598564
2610.900879	-78.248039
2616.284180	-80.252991
2621.667480	-78.509972
2627.050781	-77.723480
2632.434082	-79.093681
2637.817383	-77.644829
2643.200684	-75.746727
2648.583984	-77.830185
2653.967285	-84.824081
2659.350586	-90.459137
2664.733887	-85.713791
2670.117188	-82.993553
2675.500488	-80.311234
2680.883789	-78.798965
2686.267090	-78.570412
2691.650391	-79.599792
2697.033691	-82.627769
2702.416992	-87.418190
2707.800293	-89.609917
2713.183594	-89.776352
2718.566895	-93.255310
2723.950195	-86.949860
2729.333496	-82.688431
2734.716797	-82.873459
2740.100098	-85.929466
2745.483398	-88.652435
2750.866699	-89.580696
2756.250000	-91.712791
2761.633301	-92.977692
2767.016602	-84.551483
2772.399902	-81.840530
2777.783203	-82.959915
2783.166504	-87.418365
2788.549805	-94.461723
2793.933105	-89.018974
2799.316406	-82.814026
2804.699707	-79.740059
2810.083008	-76.381485
2815.466309	-72.894753
2820.849609	-70.783958
2826.232910	-70.581650
2831.616211	-72.144135
2836.999512	-73.581139
2842.382812	-74.293991
2847.766113	-77.632660
2853.149414	-79.418350
2858.532715	-75.774109
2863.916016	-73.948189
2869.299316	-72.889091
2874.682617	-70.181320
2880.065918	-66.526253
2885.449219	-64.233826
2890.832520	-64.308502
2896.215820	-66.499344
2901.599121	-70.111679
2906.982422	-74.760864
2912.365723	-77.330307
2917.749023	-77.064873
2923.132324	-75.766808
2928.515625	-75.577263
2933.898926	-77.093140
2939.282227	-78.587685
2944.665527	-79.250931
2950.048828	-80.141525
2955.432129	-81.563286
2960.815430	-79.769531
2966.198730	-76.921440
2971.582031	-76.884201
2976.965332	-78.110146
2982.348633	-77.965469
2987.731934	-78.880554
2993.115234	-79.694260
2998.498535	-78.812653
3003.881836	-78.038361
3009.265137	-73.930893
3014.648438	-69.702766
3020.031738	-68.858383
3025.415039	-71.705414
3030.798340	-76.776794
3036.181641	-77.207932
3041.564941	-77.475533
3046.948242	-79.727379
3052.331543	-79.717499
3057.714844	-78.404404
3063.098145	-77.375313
3068.481445	-75.622696
3073.864746	-73.966644
3079.248047	-73.434731
3084.631348	-73.261620
3090.014648	-72.796043
3095.397949	-73.629234
3100.781250	-75.997208
3106.164551	-76.249924
3111.547852	-74.266617
3116.931152	-72.201920
3122.314453	-70.317619
3127.697754	-67.990860
3133.081055	-66.323318
3138.464355	-66.673080
3143.847656	-68.696159
3149.230957	-71.111572
3154.614258	-73.926605
3159.997559	-75.120880
3165.380859	-74.369804
3170.764160	-75.233017
3176.147461	-75.208740
3181.530762	-73.512131
3186.914062	-72.905006
3192.297363	-72.601463
3197.680664	-72.394882
3203.063965	-71.572998
3208.447266	-69.780861
3213.830566	-69.228897
3219.213867	-69.862015
3224.597168	-70.352730
3229.980469	-71.114326
3235.363770	-72.671677
3240.747070	-76.826210
3246.130371	-76.297890
3251.513672	-74.081055
3256.896973	-73.160027
3262.280273	-71.746033
3267.663574	-70.638321
3273.046875	-71.275085
3278.430176	-74.918343
3283.813477	-80.938354
3289.196777	-81.490219
3294.580078	-80.927582
3299.963379	-80.875542
3305.346680	-81.799591
3310.729980	-84.180641
3316.113281	-87.472816
3321.496582	-87.445198
3326.879883	-86.258835
3332.263184	-85.627625
3337.646484	-84.340187
3343.029785	-85.160606
3348.413086	-87.428360
3353.796387	-85.949509
3359.179688	-83.323959
3364.562988	-83.923767
3369.946289	-87.067818
3375.329590	-86.764664
3380.712891	-84.836052
3386.096191	-82.238884
3391.479492	-78.578247
3396.862793	-76.729729
3402.246094	-78.285278
3407.629395	-82.519379
3413.012695	-84.261391
3418.395996	-87.298416
3423.779297	-88.312538
3429.162598	-85.465836
3434.545898	-86.385422
3439.929199	-90.162308
3445.312500	-97.947830
3450.695801	-98.264511
3456.079102	-86.686256
3461.462402	-80.971848
3466.845703	-78.965340
3472.229004	-78.196983
3477.612305	-76.438766
3482.995605	-75.248901
3488.378906	-76.805573
3493.762207	-81.308762
3499.145508	-82.491470
3504.528809	-80.659019
3509.912109	-79.940285
3515.295410	-78.458122
3520.678711	-75.064987
3526.062012	-73.752846
3531.445312	-75.852119
3536.828613	-78.778160
3542.211914	-79.350098
3547.595215	-81.968513
3552.978516	-85.507027
3558.361816	-83.236740
3563.745117	-83.487297
3569.128418	-86.101601
3574.511719	-84.308998
3579.895020	-81.252586
3585.278320	-80.063408
3590.661621	-80.801064
3596.044922	-81.540245
3601.428223	-81.889694
3606.811523	-82.786232
3612.194824	-86.461647
3617.578125	-93.971291
3622.961426	-81.399132
3628.344727	-77.833931
3633.728027	-78.019127
3639.111328	-79.138397
3644.494629	-75.297073
3649.877930	-73.045052
3655.261230	-73.986008
3660.644531	-75.980751
3666.027832	-76.011299
3671.411133	-76.927422
3676.794434	-81.027702
3682.177734	-81.843887
3687.561035	-80.770882
3692.944336	-83.111374
3698.327637	-79.553436
3703.710938	-76.572472
3709.094238	-75.091110
3714.477539	-74.891434
3719.860840	-75.458931
3725.244141	-75.524712
3730.627441	-73.047462
3736.010742	-70.828346
3741.394043	-71.534500
3746.777344	-75.622353
3752.160645	-76.995712
3757.543945	-76.558571
3762.927246	-74.828026
3768.310547	-72.689507
3773.693848	-73.475815
3779.077148	-73.400543
3784.460449	-73.004227
3789.843750	-73.286522
3795.227051	-73.969589
3800.610352	-76.406197
3805.993652	-80.609047
3811.376953	-80.192947
3816.760254	-81.313705
3822.143555	-81.782204
3827.526855	-79.136490
3832.910156	-78.158272
3838.293457	-79.093048
3843.676758	-79.726135
3849.060059	-78.184425
3854.443359	-77.794678
3859.826660	-78.415337
3865.209961	-79.628090
3870.593262	-81.744064
3875.976562	-83.777328
3881.359863	-85.027649
3886.743164	-84.640839
3892.126465	-82.831535
3897.509766	-77.045616
3902.893066	-73.792953
3908.276367	-73.340164
3913.659668	-74.133881
3919.042969	-74.290352
3924.426270	-74.876678
3929.809570	-76.640144
3935.192871	-76.736053
3940.576172	-76.931427
3945.959473	-76.182640
3951.342773	-74.185043
3956.726074	-73.426010
3962.109375	-73.826622
3967.492676	-76.463318
3972.875977	-79.496277
3978.259277	-80.298683
3983.642578	-77.108994
3989.025879	-74.376198
3994.409180	-76.092583
3999.792480	-78.040009
4005.175781	-76.178688
4010.559082	-76.468102
4015.942383	-72.909164
4021.325684	-70.487610
4026.708984	-70.970009
4032.092285	-72.588928
4037.475586	-73.952393
4042.858887	-75.260162
4048.242188	-77.159966
4053.625488	-80.508919
4059.008789	-81.369827
4064.392090	-80.350777
4069.775391	-79.981026
4075.158691	-76.677475
4080.541992	-73.909554
4085.925293	-72.719986
4091.308594	-73.449440
4096.691895	-73.171616
4102.075195	-71.906944
4107.458496	-69.889389
4112.841797	-67.908882
4118.225098	-67.993637
4123.608398	-71.132172
4128.991699	-74.988495
4134.375000	-73.003105
4139.758301	-68.834839
4145.141602	-67.582207
4150.524902	-70.037598
4155.908203	-72.546768
4161.291504	-71.412788
4166.674805	-71.431953
4172.058105	-72.590492
4177.441406	-74.529747
4182.824707	-78.051826
4188.208008	-79.723419
4193.591309	-78.885109
4198.974609	-76.070107
4204.357910	-72.359543
4209.741211	-70.086349
4215.124512	-71.422791
4220.507812	-73.585533
4225.891113	-69.573372
4231.274414	-67.105797
4236.657715	-65.426346
4242.041016	-65.291740
4247.424316	-67.946838
4252.807617	-73.185051
4258.190918	-72.634163
4263.574219	-69.128967
4268.957520	-68.747818
4274.340820	-67.494431
4279.724121	-63.950321
4285.107422	-62.529381
4290.490723	-63.582043
4295.874023	-66.199211
4301.257324	-68.169891
4306.640625	-69.043312
4312.023926	-69.353935
4317.407227	-68.076958
4322.790527	-66.172485
4328.173828	-64.512474
4333.557129	-63.190109
4338.940430	-63.414131
4344.323730	-65.959969
4349.707031	-68.282845
4355.090332	-67.835129
4360.473633	-66.126694
4365.856934	-65.290176
4371.240234	-66.670807
4376.623535	-71.381966
4382.006836	-75.578087
4387.390137	-71.490761
4392.773438	-69.727585
4398.156738	-72.974495
4403.540039	-79.868286
4408.923340	-72.447838
4414.306641	-70.869614
4419.689941	-72.467224
4425.073242	-75.593842
4430.456543	-77.173203
4435.839844	-78.644913
4441.223145	-81.172699
4446.606445	-80.913742
4451.989746	-80.170563
4457.373047	-79.988792
4462.756348	-81.016861
4468.139648	-85.427544
4473.522949	-91.288536
4478.906250	-86.849869
4484.289551	-83.743622
4489.672852	-83.089638
4495.056152	-84.908722
4500.439453	-88.803940
4505.822754	-93.833542
4511.206055	-92.622162
4516.589355	-91.019699
4521.972656	-93.787155
4527.355957	-107.076309
4532.739258	-97.159103
4538.122559	-94.597992
4543.505859	-94.919754
4548.889160	-94.739090
4554.272461	-93.330421
4559.655762	-90.711052
4565.039062	-87.471558
4570.422363	-84.801018
4575.805664	-84.536484
4581.188965	-88.006485
4586.572266	-92.756020
4591.955566	-89.243927
4597.338867	-87.728554
4602.722168	-87.043358
4608.105469	-85.016907
4613.488770	-82.347748
4618.872070	-81.113831
4624.255371	-82.531288
4629.638672	-84.737175
4635.021973	-85.190384
4640.405273	-86.889206
4645.788574	-86.719490
4651.171875	-85.709389
4656.555176	-83.655510
4661.938477	-81.531456
4667.321777	-80.807999
4672.705078	-79.218132
4678.088379	-75.667526
4683.471680	-72.636276
4688.854980	-70.915688
4694.238281	-69.521660
4699.621582	-68.970482
4705.004883	-69.854607
4710.388184	-70.932938
4715.771484	-70.593430
4721.154785	-69.918091
4726.538086	-70.979385
4731.921387	-73.891525
4737.304688	-75.279045
4742.687988	-80.223961
4748.071289	-76.808212
4753.454590	-70.938057
4758.837891	-68.812653
4764.221191	-63.209503
4769.604492	-59.724762
4774.987793	-59.036430
4780.371094	-59.638531
4785.754395	-61.289814
4791.137695	-65.468254
4796.520996	-71.137909
4801.904297	-66.749519
4807.287598	-61.041664
4812.670898	-57.531021
4818.054199	-55.532986
4823.437500	-54.978100
4828.820801	-56.030308
4834.204102	-57.963585
4839.587402	-58.540653
4844.970703	-57.434948
4850.354004	-57.774017
4855.737305	-60.786926
4861.120605	-64.623314
4866.503906	-65.343575
4871.887207	-60.746937
4877.270508	-56.779343
4882.653809	-55.852543
4888.037109	-54.583294
4893.420410	-51.965523
4898.803711	-50.432320
4904.187012	-50.031570
4909.570312	-51.005398
4914.953613	-54.046097
4920.336914	-59.146816
4925.720215	-63.389187
4931.103516	-61.860329
4936.486816	-59.312847
4941.870117	-57.728184
4947.253418	-57.354900
4952.636719	-57.974236
4958.020020	-57.862499
4963.403320	-57.452251
4968.786621	-57.036320
4974.169922	-57.100372
4979.553223	-59.217705
4984.936523	-62.179688
4990.319824	-62.719421
4995.703125	-63.648045
5001.086426	-64.520470
5006.469727	-63.999252
5011.853027	-63.210224
5017.236328	-61.461731
5022.619629	-60.319645
5028.002930	-60.653191
5033.386230	-62.073570
5038.769531	-63.835487
5044.152832	-64.938766
5049.536133	-65.770264
5054.919434	-68.391777
5060.302734	-74.502838
5065.686035	-81.687843
5071.069336	-75.783447
5076.452637	-71.443985
5081.835938	-69.754318
5087.219238	-68.871071
5092.602539	-67.832207
5097.985840	-66.853447
5103.369141	-66.255020
5108.752441	-66.511864
5114.135742	-67.615265
5119.519043	-68.405167
5124.902344	-67.692368
5130.285645	-65.801125
5135.668945	-63.650990
5141.052246	-61.504356
5146.435547	-60.329170
5151.818848	-60.526455
5157.202148	-62.419693
5162.585449	-67.473404
5167.968750	-76.049644
5173.352051	-72.959145
5178.735352	-75.623322
5184.118652	-77.813431
5189.501953	-78.644737
5194.885254	-79.085991
5200.268555	-71.879730
5205.651855	-70.370903
5211.035156	-70.585464
5216.418457	-70.445175
5221.801758	-69.874100
5227.185059	-70.222412
5232.568359	-72.994553
5237.951660	-76.750717
5243.334961	-75.996841
5248.718262	-76.810410
5254.101562	-76.227310
5259.484863	-71.748451
5264.868164	-69.324059
5270.251465	-68.594978
5275.634766	-68.333878
5281.018066	-68.082245
5286.401367	-68.674133
5291.784668	-71.399323
5297.167969	-75.686119
5302.551270	-78.447533
5307.934570	-82.159790
5313.317871	-86.521210
5318.701172	-81.621864
5324.084473	-77.698410
5329.467773	-75.716423
5334.851074	-76.246445
5340.234375	-78.175598
5345.617676	-78.095757
5351.000977	-76.910034
5356.384277	-76.079613
5361.767578	-75.907784
5367.150879	-75.479813
5372.534180	-75.209351
5377.917480	-76.493126
5383.300781	-77.253899
5388.684082	-74.753044
5394.067383	-72.591042
5399.450684	-71.732552
5404.833984	-71.760948
5410.217285	-72.399178
5415.600586	-74.296135
5420.983887	-77.262192
5426.367188	-78.622902
5431.750488	-81.436409
5437.133789	-80.093262
5442.517090	-79.398666
5447.900391	-84.892830
5453.283691	-77.962646
5458.666992	-75.003387
5464.050293	-75.041641
5469.433594	-72.942062
5474.816895	-72.672119
5480.200195	-72.133675
5485.583496	-71.631920
5490.966797	-73.344406
5496.350098	-70.701492
5501.733398	-68.373909
5507.116699	-68.625084
5512.500000	-69.133980
5517.883301	-66.184204
5523.266602	-63.576233
5528.649902	-64.145256
5534.033203	-65.922058
5539.416504	-64.716087
5544.799805	-64.627235
5550.183105	-66.728859
5555.566406	-71.269447
5560.949707	-78.958412
5566.333008	-73.768021
5571.716309	-72.564827
5577.099609	-73.082909
5582.482910	-70.772881
5587.866211	-72.537338
5593.249512	-72.092308
5598.632812	-69.075371
5604.016113	-69.031433
5609.399414	-68.906258
5614.782715	-69.244041
5620.166016	-68.774254
5625.549316	-68.592819
5630.932617	-70.409081
5636.315918	-76.389595
5641.699219	-74.784317
5647.082520	-67.192062
5652.465820	-65.706322
5657.849121	-67.793251
5663.232422	-69.497971
5668.615723	-68.896980
5673.999023	-70.179001
5679.382324	-74.009361
5684.765625	-76.266411
5690.148926	-74.386665
5695.532227	-74.561554
5700.915527	-75.960236
5706.298828	-75.575310
5711.682129	-75.169167
5717.065430	-72.497673
5722.448730	-71.284874
5727.832031	-73.992432
5733.215332	-77.165642
5738.598633	-79.252205
5743.981934	-85.768562
5749.365234	-80.046623
5754.748535	-77.058441
5760.131836	-77.430878
5765.515137	-74.926979
5770.898438	-70.029205
5776.281738	-68.259735
5781.665039	-69.400627
5787.048340	-72.381912
5792.431641	-75.317955
5797.814941	-77.531860
5803.198242	-79.633575
5808.581543	-80.423965
5813.964844	-79.601326
5819.348145	-79.457771
5824.731445	-80.656136
5830.114746	-79.885612
5835.498047	-78.774170
5840.881348	-77.987259
5846.264648	-76.606636
5851.647949	-76.805283
5857.031250	-78.896080
5862.414551	-80.164871
5867.797852	-77.537491
5873.181152	-74.454079
5878.564453	-73.762001
5883.947754	-74.874245
5889.331055	-74.855736
5894.714355	-70.779526
5900.097656	-67.650772
5905.480957	-66.813347
5910.864258	-67.408264
5916.247559	-69.168533
5921.630859	-72.227310
5927.014160	-75.728668
5932.397461	-77.635452
5937.780762	-76.727470
5943.164062	-75.839439
5948.547363	-76.792206
5953.930664	-78.951530
5959.313965	-80.635124
5964.697266	-80.636986
5970.080566	-77.940292
5975.463867	-76.263191
5980.847168	-77.135498
5986.230469	-80.025398
5991.613770	-80.815796
5996.997070	-76.873703
6002.380371	-74.928688
6007.763672	-75.356857
6013.146973	-78.160820
6018.530273	-77.123199
6023.913574	-71.497208
6029.296875	-69.508186
6034.680176	-70.086487
6040.063477	-72.397659
6045.446777	-76.631035
6050.830078	-81.173546
6056.213379	-79.122559
6061.596680	-76.453171
6066.979980	-75.247993
6072.363281	-75.825844
6077.746582	-77.589371
6083.129883	-78.166740
6088.513184	-77.664909
6093.896484	-76.358536
6099.279785	-74.272545
6104.663086	-74.185585
6110.046387	-75.545235
6115.429688	-73.972534
6120.812988	-72.579140
6126.196289	-72.921265
6131.579590	-74.909149
6136.962891	-76.171455
6142.346191	-75.158318
6147.729492	-75.595360
6153.112793	-74.619125
6158.496094	-73.208336
6163.879395	-73.282982
6169.262695	-73.698647
6174.645996	-74.884506
6180.029297	-79.227806
6185.412598	-83.308784
6190.795898	-78.643211
6196.179199	-77.119080
6201.562500	-77.324417
6206.945801	-76.436340
6212.329102	-75.688103
6217.712402	-74.511864
6223.095703	-71.905746
6228.479004	-70.725174
6233.862305	-73.015579
6239.245605	-76.643486
6244.628906	-74.749344
6250.012207	-73.936752
6255.395508	-74.103584
6260.778809	-73.245796
6266.162109	-71.291573
6271.545410	-70.846909
6276.928711	-73.681480
6282.312012	-80.074112
6287.695312	-79.732658
6293.078613	-75.018349
6298.461914	-74.110153
6303.845215	-75.537949
6309.228516	-73.704140
6314.611816	-72.386017
6319.995117	-72.466576
6325.378418	-72.979233
6330.761719	-73.656296
6336.145020	-73.087349
6341.528320	-72.619278
6346.911621	-72.796280
6352.294922	-72.454964
6357.678223	-72.512802
6363.061523	-73.370567
6368.444824	-71.695770
6373.828125	-70.368774
6379.211426	-70.913544
6384.594727	-72.234657
6389.978027	-71.450180
6395.361328	-70.254700
6400.744629	-71.519844
6406.127930	-75.710823
6411.511230	-79.029076
6416.894531	-77.965508
6422.277832	-76.050766
6427.661133	-73.633255
6433.044434	-72.207466
6438.427734	-72.077637
6443.811035	-72.431458
6449.194336	-71.696556
6454.577637	-72.534904
6459.960938	-76.621552
6465.344238	-82.230751
6470.727539	-81.079445
6476.110840	-80.098518
6481.494141	-78.299583
6486.877441	-77.084610
6492.260742	-76.062073
6497.644043	-76.201584
6503.027344	-76.625748
6508.410645	-75.998970
6513.793945	-75.254875
6519.177246	-75.242096
6524.560547	-77.730492
6529.943848	-83.518204
6535.327148	-80.075905
6540.710449	-76.140488
6546.093750	-75.661125
6551.477051	-78.207047
6556.860352	-82.302521
6562.243652	-81.639450
6567.626953	-78.981903
6573.010254	-77.209892
6578.393555	-77.201286
6583.776855	-79.137444
6589.160156	-80.618179
6594.543457	-80.645287
6599.926758	-83.592560
6605.310059	-85.894478
6610.693359	-78.815575
6616.076660	-74.665054
6621.459961	-72.808556
6626.843262	-73.131424
6632.226562	-74.594093
6637.609863	-74.228081
6642.993164	-72.974464
6648.376465	-73.883217
6653.759766	-77.965134
6659.143066	-82.756569
6664.526367	-80.588463
6669.909668	-80.788757
6675.292969	-79.960709
6680.676270	-78.672935
6686.059570	-79.539207
6691.442871	-78.659508
6696.826172	-76.164856
6702.209473	-75.006470
6707.592773	-74.407120
6712.976074	-74.736855
6718.359375	-75.075218
6723.742676	-76.167824
6729.125977	-78.391785
6734.509277	-77.846336
6739.892578	-76.039131
6745.275879	-74.790985
6750.659180	-74.637489
6756.042480	-75.492172
6761.425781	-77.102455
6766.809082	-79.420341
6772.192383	-82.905037
6777.575684	-85.497208
6782.958984	-85.251183
6788.342285	-84.151520
6793.725586	-81.175262
6799.108887	-77.641815
6804.492188	-76.435608
6809.875488	-77.931564
6815.258789	-80.012566
6820.642090	-80.531784
6826.025391	-81.682915
6831.408691	-78.726288
6836.791992	-76.359131
6842.175293	-77.177383
6847.558594	-80.138596
6852.941895	-82.474937
6858.325195	-79.670052
6863.708496	-76.969215
6869.091797	-75.891609
6874.475098	-75.231354
6879.858398	-76.003510
6885.241699	-78.907974
6890.625000	-81.726089
6896.008301	-81.322624
6901.391602	-79.861244
6906.774902	-78.308952
6912.158203	-78.008049
6917.541504	-79.113945
6922.924805	-78.277168
6928.308105	-76.735008
6933.691406	-76.743317
6939.074707	-77.456261
6944.458008	-79.189247
6949.841309	-82.890396
6955.224609	-87.077782
6960.607910	-85.138168
6965.991211	-85.224380
6971.374512	-85.451027
6976.757812	-84.972916
6982.141113	-85.550217
6987.524414	-83.984787
6992.907715	-82.139061
6998.291016	-81.410622
7003.674316	-83.152313
7009.057617	-87.816658
7014.440918	-92.487061
7019.824219	-92.458000
7025.207520	-91.372871
7030.590820	-90.691635
7035.974121	-91.150574
7041.357422	-93.386467
7046.740723	-93.051094
7052.124023	-91.360863
7057.507324	-92.628090
7062.890625	-95.431465
7068.273926	-97.295158
7073.657227	-102.332916
7079.040527	-105.767250
7084.423828	-100.758423
7089.807129	-99.981697
7095.190430	-98.438271
7100.573730	-96.146347
7105.957031	-95.669685
7111.340332	-94.987877
7116.723633	-94.545166
7122.106934	-94.500648
7127.490234	-94.821587
7132.873535	-97.139999
7138.256836	-98.773056
7143.640137	-97.775650
7149.023438	-99.208694
7154.406738	-106.414001
7159.790039	-108.738358
7165.173340	-104.273460
7170.556641	-104.330833
7175.939941	-103.028236
7181.323242	-100.759445
7186.706543	-98.891624
7192.089844	-98.553291
7197.473145	-98.455437
7202.856445	-98.383995
7208.239746	-100.550629
7213.623047	-102.374458
7219.006348	-101.059647
7224.389648	-100.623596
7229.772949	-104.409485
7235.156250	-104.831787
7240.539551	-98.679100
7245.922852	-96.634460
7251.306152	-97.405594
7256.689453	-99.501572
7262.072754	-102.228912
7267.456055	-104.311241
7272.839355	-102.311729
7278.222656	-99.333443
7283.605957	-98.410011
7288.989258	-99.949158
7294.372559	-99.019310
7299.755859	-95.957214
7305.139160	-92.152008
7310.522461	-90.410110
7315.905762	-90.055954
7321.289062	-90.566399
7326.672363	-93.788925
7332.055664	-95.730682
7337.438965	-94.696083
7342.822266	-96.932228
7348.205566	-99.019363
7353.588867	-96.387009
7358.972168	-94.259834
7364.355469	-93.588150
7369.738770	-92.527206
7375.122070	-91.494209
7380.505371	-92.826553
7385.888672	-92.321381
7391.271973	-88.928291
7396.655273	-88.619133
7402.038574	-90.292152
7407.421875	-90.818977
7412.805176	-91.619026
7418.188477	-94.648430
7423.571777	-101.170555
7428.955078	-97.145294
7434.338379	-89.453896
7439.721680	-85.079796
7445.104980	-83.378006
7450.488281	-85.998955
7455.871582	-92.522057
7461.254883	-88.448967
7466.638184	-87.798492
7472.021484	-89.693077
7477.404785	-91.745445
7482.788086	-88.968880
7488.171387	-87.136826
7493.554688	-88.177673
7498.937988	-86.653023
7504.321289	-84.879845
7509.704590	-85.003639
7515.087891	-84.773590
7520.471191	-84.664268
7525.854492	-84.599113
7531.237793	-84.337845
7536.621094	-84.340530
7542.004395	-85.661255
7547.387695	-88.381577
7552.770996	-93.304344
7558.154297	-101.967972
7563.537598	-91.365044
7568.920898	-85.722801
7574.304199	-85.449516
7579.687500	-90.091530
7585.070801	-96.051857
7590.454102	-93.805046
7595.837402	-91.702995
7601.220703	-89.855789
7606.604004	-88.861511
7611.987305	-88.107536
7617.370605	-88.716118
7622.753906	-91.181969
7628.137207	-93.041924
7633.520508	-92.539215
7638.903809	-93.508331
7644.287109	-98.591827
7649.670410	-102.955544
7655.053711	-95.224213
7660.437012	-93.881859
7665.820312	-95.520943
7671.203613	-97.326447
7676.586914	-96.472954
7681.970215	-95.602249
7687.353516	-97.902153
7692.736816	-99.787544
7698.120117	-97.116966
7703.503418	-97.783066
7708.886719	-103.320648
7714.270020	-108.536949
7719.653320	-107.219971
7725.036621	-106.481186
7730.419922	-103.701324
7735.803223	-102.011940
7741.186523	-101.728691
7746.569824	-102.297318
7751.953125	-102.194870
7757.336426	-101.037773
7762.719727	-99.889320
7768.103027	-100.778023
7773.486328	-106.422310
7778.869629	-105.578201
7784.252930	-100.946022
7789.636230	-101.521721
7795.019531	-100.660675
7800.402832	-98.387497
7805.786133	-97.959579
7811.169434	-99.729439
7816.552734	-99.492744
7821.936035	-95.425812
7827.319336	-94.474922
7832.702637	-97.664146
7838.085938	-105.851997
7843.469238	-102.960678
7848.852539	-104.078720
7854.235840	-107.277260
7859.619141	-99.926949
7865.002441	-96.776810
7870.385742	-95.693710
7875.769043	-94.238174
7881.152344	-93.617882
7886.535645	-94.156311
7891.918945	-96.250031
7897.302246	-100.779190
7902.685547	-102.480530
7908.068848	-100.242203
7913.452148	-101.613869
7918.835449	-100.994415
7924.218750	-97.486366
7929.602051	-94.750603
7934.985352	-95.126816
7940.368652	-100.650223
7945.751953	-95.033020
7951.135254	-92.015327
7956.518555	-94.921776
7961.901855	-108.780876
7967.285156	-102.974556
7972.668457	-102.618629
7978.051758	-101.727051
7983.435059	-99.879059
7988.818359	-98.840942
7994.201660	-98.255630
7999.584961	-95.430069
8004.968262	-93.180054
8010.351562	-92.807648
8015.734863	-94.177368
8021.118164	-97.559982
8026.501465	-101.098366
8031.884766	-100.629326
8037.268066	-98.721565
8042.651367	-94.945847
8048.034668	-90.950294
8053.417969	-88.285583
8058.801270	-88.336052
8064.184570	-92.255463
8069.567871	-89.409386
8074.951172	-85.344055
8080.334473	-86.386665
8085.717773	-94.081223
8091.101074	-98.066437
8096.484375	-97.832855
8101.867676	-98.032997
8107.250977	-92.891678
8112.634277	-91.250793
8118.017578	-90.057533
8123.400879	-88.004974
8128.784180	-85.240059
8134.167480	-83.040825
8139.550781	-82.524139
8144.934082	-82.897934
8150.317383	-82.271149
8155.700684	-81.025871
8161.083984	-80.121338
8166.467285	-79.114815
8171.850586	-77.365028
8177.233887	-75.800140
8182.617188	-75.473022
8188.000488	-77.860748
8193.383789	-85.856857
8198.767090	-81.986305
8204.150391	-80.076180
8209.533691	-86.448654
8214.916992	-85.004318
8220.300293	-83.056267
8225.683594	-88.804382
8231.066895	-84.292343
8236.450195	-80.099579
8241.833496	-78.224457
8247.216797	-77.000519
8252.600098	-75.972130
8257.983398	-74.548378
8263.366699	-73.380943
8268.750000	-73.465111
8274.133301	-74.194626
8279.516602	-74.009369
8284.899902	-73.512604
8290.283203	-74.206673
8295.666504	-75.778175
8301.049805	-77.553261
8306.433105	-79.225937
8311.816406	-81.072784
8317.199707	-84.248787
8322.583008	-82.870850
8327.966309	-81.330414
8333.349609	-86.319054
8338.732910	-83.634651
8344.116211	-78.229713
8349.499512	-79.709839
8354.882812	-84.522324
8360.266113	-81.813065
8365.649414	-79.565506
8371.032715	-77.584793
8376.416016	-76.129021
8381.799316	-75.535294
8387.182617	-75.711807
8392.565918	-76.953537
8397.949219	-78.638016
8403.332520	-79.469757
8408.715820	-78.895729
8414.099121	-78.105255
8419.482422	-77.103722
8424.865723	-76.334137
8430.249023	-76.859070
8435.632324	-79.071510
8441.015625	-81.306320
8446.398926	-80.364296
8451.782227	-80.305054
8457.165527	-83.567490
8462.548828	-88.370354
8467.932129	-84.355530
8473.315430	-82.248291
8478.698730	-81.438278
8484.082031	-78.489052
8489.465332	-78.014359
8494.848633	-78.603012
8500.231934	-77.715027
8505.615234	-78.002106
8510.998535	-78.884758
8516.381836	-78.489288
8521.765137	-78.246231
8527.148438	-76.497231
8532.531738	-73.465126
8537.915039	-72.000198
8543.298340	-70.774841
8548.681641	-69.701256
8554.064941	-69.993195
8559.448242	-72.049232
8564.831543	-75.061684
8570.214844	-75.325027
8575.598145	-73.969589
8580.981445	-74.756981
8586.364746	-79.128853
8591.748047	-75.666451
8597.131348	-71.828682
8602.514648	-71.607933
8607.897949	-69.850426
8613.281250	-70.329582
8618.664551	-72.900856
8624.047852	-68.891037
8629.431152	-67.083214
8634.814453	-67.852249
8640.197754	-68.683334
8645.581055	-68.482117
8650.964355	-67.495995
8656.347656	-64.264023
8661.730957	-62.044895
8667.114258	-61.419785
8672.497559	-61.366779
8677.880859	-62.650620
8683.264160	-65.880836
8688.647461	-70.074539
8694.030762	-69.921440
8699.414062	-67.856781
8704.797363	-67.940857
8710.180664	-70.212631
8715.563965	-71.908028
8720.947266	-70.052330
8726.330566	-69.438553
8731.713867	-69.699158
8737.097168	-70.999535
8742.480469	-72.182976
8747.863770	-67.156212
8753.247070	-65.621574
8758.630371	-67.262794
8764.013672	-70.130585
8769.396973	-70.204605
8774.780273	-69.331627
8780.163574	-67.342491
8785.546875	-64.559425
8790.930176	-63.497612
8796.313477	-63.310581
8801.696777	-64.470993
8807.080078	-68.057030
8812.463379	-73.305786
8817.846680	-73.053040
8823.229980	-71.317429
8828.613281	-72.031967
8833.996582	-74.833641
8839.379883	-79.500984
8844.763184	-79.031265
8850.146484	-77.883148
8855.529785	-79.644485
8860.913086	-81.157722
8866.296387	-76.585526
8871.679688	-71.759277
8877.062988	-70.667221
8882.446289	-72.903816
8887.829590	-77.882484
8893.212891	-75.666298
8898.596191	-73.469337
8903.979492	-75.272667
8909.362793	-75.520569
8914.746094	-73.414459
8920.129395	-72.586945
8925.512695	-72.699135
8930.895996	-76.084976
8936.279297	-85.479019
8941.662598	-80.510826
8947.045898	-75.787872
8952.429199	-75.265587
8957.812500	-76.752060
8963.195801	-78.643280
8968.579102	-80.107597
8973.962402	-81.139885
8979.345703	-82.611481
8984.729004	-80.496208
8990.112305	-76.341629
8995.495605	-72.825249
9000.878906	-71.761375
9006.262207	-73.545738
9011.645508	-77.159424
9017.028809	-75.356644
9022.412109	-72.854652
9027.795410	-74.034523
9033.178711	-78.843033
9038.562012	-84.812019
9043.945312	-81.528557
9049.328613	-76.581360
9054.711914	-75.992844
9060.095215	-79.145134
9065.478516	-82.943230
9070.861816	-78.948570
9076.245117	-76.608589
9081.628418	-76.835556
9087.011719	-78.847893
9092.395020	-81.569962
9097.778320	-80.315758
9103.161621	-80.342751
9108.544922	-79.800102
9113.928223	-78.646317
9119.311523	-77.705338
9124.694824	-76.529823
9130.078125	-76.375008
9135.461426	-77.661400
9140.844727	-75.956009
9146.228027	-72.779808
9151.611328	-72.073502
9156.994629	-73.893234
9162.377930	-77.960075
9167.761230	-81.712334
9173.144531	-82.212296
9178.527832	-86.416336
9183.911133	-83.406075
9189.294434	-84.579048
9194.677734	-86.612312
9200.061035	-81.802254
9205.444336	-82.088997
9210.827637	-82.143532
9216.210938	-84.564987
9221.594238	-82.937889
9226.977539	-79.834297
9232.360840	-80.049858
9237.744141	-80.919289
9243.127441	-80.129456
9248.510742	-79.871353
9253.894043	-80.271645
9259.277344	-81.382378
9264.660645	-85.343872
9270.043945	-83.057854
9275.427246	-78.393501
9280.810547	-77.472595
9286.193848	-79.000084
9291.577148	-82.688797
9296.960449	-90.044037
9302.343750	-88.377808
9307.727051	-84.941162
9313.110352	-85.770111
9318.493652	-91.938301
9323.876953	-98.495605
9329.260254	-98.574738
9334.643555	-92.998238
9340.026855	-92.196068
9345.410156	-88.698418
9350.793457	-86.447365
9356.176758	-86.753281
9361.560059	-86.808891
9366.943359	-87.146523
9372.326660	-87.343773
9377.709961	-86.325706
9383.093262	-87.717445
9388.476562	-94.463364
9393.859863	-90.388214
9399.243164	-84.330650
9404.626465	-82.866043
9410.009766	-83.992119
9415.393066	-87.727470
9420.776367	-97.186134
9426.159668	-90.600380
9431.542969	-88.118660
9436.926270	-91.066719
9442.309570	-93.121597
9447.692871	-94.152283
9453.076172	-92.238724
9458.459473	-87.341827
9463.842773	-86.593452
9469.226074	-85.562912
9474.609375	-84.487473
9479.992676	-84.359322
9485.375977	-82.800041
9490.759277	-82.296432
9496.142578	-82.527100
9501.525879	-81.189278
9506.909180	-81.121445
9512.292480	-84.507942
9517.675781	-85.917297
9523.059082	-81.381424
9528.442383	-79.147186
9533.825684	-78.926231
9539.208984	-79.670181
9544.592285	-83.533119
9549.975586	-82.048042
9555.358887	-77.878853
9560.742188	-79.165619
9566.125488	-83.540634
9571.508789	-82.292702
9576.892090	-80.058952
9582.275391	-79.010056
9587.658691	-80.025101
9593.041992	-79.516403
9598.425293	-78.090126
9603.808594	-78.111580
9609.191895	-77.240257
9614.575195	-76.236595
9619.958496	-77.218094
9625.341797	-78.121925
9630.725098	-77.279861
9636.108398	-78.155258
9641.491699	-79.714386
9646.875000	-77.807388
9652.258301	-75.961243
9657.641602	-76.690269
9663.024902	-76.799744
9668.408203	-76.848785
9673.791504	-78.387558
9679.174805	-76.494667
9684.558105	-77.119156
9689.941406	-85.911743
9695.324707	-85.355453
9700.708008	-79.266243
9706.091309	-77.405655
9711.474609	-78.834396
9716.857910	-79.872948
9722.241211	-77.225471
9727.624512	-77.847672
9733.007812	-78.630104
9738.391113	-76.388054
9743.774414	-76.616539
9749.157715	-79.353745
9754.541016	-80.547775
9759.924316	-79.374496
9765.307617	-79.188339
9770.690918	-77.454575
9776.074219	-75.293198
9781.457520	-75.259377
9786.840820	-76.528931
9792.224121	-77.443642
9797.607422	-80.322289
9802.990723	-80.755653
9808.374023	-77.716103
9813.757324	-78.394829
9819.140625	-84.351898
9824.523926	-89.274910
9829.907227	-83.305931
9835.290527	-84.437241
9840.673828	-85.828636
9846.057129	-81.495232
9851.440430	-81.778175
9856.823730	-85.343155
9862.207031	-83.709572
9867.590332	-82.256577
9872.973633	-84.695190
9878.356934	-86.088852
9883.740234	-81.333023
9889.123535	-78.819046
9894.506836	-76.561020
9899.890137	-74.727310
9905.273438	-74.807915
9910.656738	-76.819977
9916.040039	-78.781204
9921.423340	-79.818352
9926.806641	-80.619110
9932.189941	-78.807587
9937.573242	-78.204674
9942.956543	-79.881050
9948.339844	-83.133690
9953.723145	-85.339622
9959.106445	-84.071953
9964.489746	-81.955528
9969.873047	-80.594460
9975.256348	-81.200737
9980.639648	-83.852013
9986.022949	-85.622627
9991.406250	-85.782722
9996.789551	-90.217476
10002.172852	-89.428665
10007.556152	-84.063675
10012.939453	-83.358810
10018.322754	-84.130028
10023.706055	-82.163620
10029.089355	-81.391502
10034.472656	-83.343048
10039.855957	-85.690697
10045.239258	-85.083076
10050.622559	-84.556419
10056.005859	-83.295654
10061.389160	-82.128304
10066.772461	-83.006607
10072.155762	-85.551346
10077.539062	-85.117065
10082.922363	-82.394989
10088.305664	-81.321404
10093.688965	-81.732338
10099.072266	-82.952576
10104.455566	-83.134453
10109.838867	-82.600571
10115.222168	-83.128128
10120.605469	-85.693710
10125.988770	-84.946930
10131.372070	-80.291946
10136.755371	-78.512581
10142.138672	-78.737335
10147.521973	-77.795502
10152.905273	-76.210258
10158.288574	-77.346313
10163.671875	-81.448006
10169.055176	-85.031250
10174.438477	-85.275627
10179.821777	-84.927567
10185.205078	-83.565559
10190.588379	-81.416039
10195.971680	-80.489624
10201.354980	-80.970741
10206.738281	-81.943329
10212.121582	-82.408012
10217.504883	-82.937447
10222.888184	-85.203529
10228.271484	-89.161446
10233.654785	-88.637390
10239.038086	-88.633537
10244.421387	-92.907684
10249.804688	-95.896477
10255.187988	-89.436996
10260.571289	-87.482704
10265.954590	-88.399368
10271.337891	-88.091324
10276.721191	-86.616524
10282.104492	-87.548645
10287.487793	-91.855064
10292.871094	-98.006859
10298.254395	-99.943787
10303.637695	-97.341728
10309.020996	-95.303413
10314.404297	-95.821625
10319.787598	-95.618629
10325.170898	-92.748222
10330.554199	-92.676704
10335.937500	-94.257362
10341.320801	-88.637527
10346.704102	-82.485695
10352.087402	-78.862976
10357.470703	-77.868912
10362.854004	-79.178558
10368.237305	-81.246552
10373.620605	-81.022766
10379.003906	-79.080086
10384.387207	-78.746033
10389.770508	-80.104523
10395.153809	-80.131554
10400.537109	-76.177895
10405.920410	-74.479301
10411.303711	-75.721092
10416.687012	-77.467232
10422.070312	-77.360085
10427.453613	-76.356544
10432.836914	-76.338737
10438.220215	-78.304314
10443.603516	-81.334785
10448.986816	-80.301414
10454.370117	-79.524712
10459.753418	-80.987038
10465.136719	-79.598343
10470.520020	-76.338066
10475.903320	-74.412476
10481.286621	-74.304596
10486.669922	-76.460251
10492.053223	-80.115578
10497.436523	-82.661324
10502.819824	-81.437492
10508.203125	-79.719582
10513.586426	-79.929626
10518.969727	-79.728188
10524.353027	-77.218201
10529.736328	-75.393745
10535.119629	-76.036125
10540.502930	-77.688011
10545.886230	-77.858246
10551.269531	-76.932030
10556.652832	-76.573143
10562.036133	-77.979813
10567.419434	-81.882225
10572.802734	-84.639053
10578.186035	-81.484261
10583.569336	-81.447159
10588.952637	-82.694725
10594.335938	-80.078415
10599.719238	-77.222710
10605.102539	-76.107979
10610.485840	-77.244568
10615.869141	-80.392899
10621.252441	-83.368538
10626.635742	-83.774017
10632.019043	-82.223335
10637.402344	-81.727592
10642.785645	-82.180191
10648.168945	-80.919708
10653.552246	-78.347343
10658.935547	-77.553406
10664.318848	-78.663567
10669.702148	-79.635101
10675.085449	-79.675827
10680.468750	-79.527756
10685.852051	-80.480164
10691.235352	-82.581184
10696.618652	-85.911049
10702.001953	-85.358208
10707.385254	-82.676552
10712.768555	-83.999374
10718.151855	-86.513077
10723.535156	-83.847343
10728.918457	-82.117416
10734.301758	-82.586090
10739.685059	-85.175682
10745.068359	-88.948730
10750.451660	-95.897499
10755.834961	-91.715309
10761.218262	-84.420158
10766.601562	-81.921715
10771.984863	-81.010788
10777.368164	-80.363335
10782.751465	-80.726318
10788.134766	-83.138153
10793.518066	-84.413673
10798.901367	-82.899956
10804.284668	-82.231323
10809.667969	-82.824005
10815.051270	-84.978500
10820.434570	-89.806198
10825.817871	-95.432297
10831.201172	-87.662193
10836.584473	-88.038513
10841.967773	-100.216072
10847.351074	-85.974098
10852.734375	-83.215599
10858.117676	-85.324539
10863.500977	-91.071465
10868.884277	-94.968338
10874.267578	-94.168015
10879.650879	-96.806801
10885.034180	-89.474617
10890.417480	-84.892502
10895.800781	-82.859291
10901.184082	-81.696602
10906.567383	-81.358864
10911.950684	-82.068817
10917.333984	-81.580711
10922.717285	-80.815437
10928.100586	-80.647522
10933.483887	-80.503288
10938.867188	-80.849922
10944.250488	-81.979530
10949.633789	-83.911911
10955.017090	-84.060432
10960.400391	-82.392235
10965.783691	-84.045364
10971.166992	-84.325279
10976.550293	-79.865044
10981.933594	-77.751732
10987.316895	-78.222160
10992.700195	-80.936493
10998.083496	-85.002060
11003.466797	-89.299103
11008.850098	-88.716621
11014.233398	-84.652077
11019.616699	-82.595612
11025.000000	-81.716965
11030.383301	-81.532501
11035.766602	-83.328331
11041.149902	-88.227898
11046.533203	-88.425209
11051.916504	-88.414764
11057.299805	-90.947678
11062.683105	-91.153816
11068.066406	-90.599678
11073.449707	-92.893387
11078.833008	-89.649254
11084.216309	-85.345238
11089.599609	-85.103966
11094.982910	-88.455498
11100.366211	-89.112328
11105.749512	-84.502289
11111.132812	-82.735664
11116.516113	-83.834381
11121.899414	-86.755188
11127.282715	-90.173439
11132.666016	-92.769836
11138.049316	-91.982346
11143.432617	-88.511078
11148.815918	-87.039406
11154.199219	-87.879501
11159.582520	-89.255753
11164.965820	-91.397827
11170.349121	-96.382965
11175.732422	-95.396103
11181.115723	-95.207008
11186.499023	-96.575798
11191.882324	-96.486847
11197.265625	-100.727165
11202.648926	-105.445396
11208.032227	-94.676949
11213.415527	-93.072578
11218.798828	-95.213066
11224.182129	-95.132019
11229.565430	-91.924393
11234.948730	-91.178207
11240.332031	-92.853180
11245.715332	-95.276199
11251.098633	-96.854683
11256.481934	-97.753342
11261.865234	-97.788811
11267.248535	-95.885353
11272.631836	-95.029320
11278.015137	-96.733528
11283.398438	-99.283218
11288.781738	-98.520828
11294.165039	-95.608551
11299.548340	-95.615791
11304.931641	-98.493271
11310.314941	-99.167946
11315.698242	-98.357086
11321.081543	-98.904892
11326.464844	-99.639160
11331.848145	-99.932877
11337.231445	-100.132011
11342.614746	-102.476776
11347.998047	-109.796349
11353.381348	-109.553177
11358.764648	-108.978348
11364.147949	-112.753883
11369.531250	-107.766891
11374.914551	-104.028618
11380.297852	-103.556068
11385.681152	-104.019485
11391.064453	-101.572044
11396.447754	-98.940048
11401.831055	-98.074745
11407.214355	-98.499557
11412.597656	-100.107979
11417.980957	-100.843292
11423.364258	-99.326897
11428.747559	-99.275558
11434.130859	-99.717529
11439.514160	-99.193832
11444.897461	-98.307617
11450.280762	-98.480675
11455.664062	-100.755234
11461.047363	-101.442665
11466.430664	-100.783569
11471.813965	-103.862869
11477.197266	-108.965309
11482.580566	-103.304001
11487.963867	-102.043152
11493.347168	-103.437874
11498.730469	-101.266319
11504.113770	-99.302246
11509.497070	-98.122726
11514.880371	-96.387878
11520.263672	-95.023987
11525.646973	-94.916664
11531.030273	-95.047066
11536.413574	-95.045792
11541.796875	-95.060280
11547.180176	-93.333389
11552.563477	-93.311737
11557.946777	-95.182564
11563.330078	-93.061272
11568.713379	-89.963905
11574.096680	-88.932861
11579.479980	-90.404892
11584.863281	-93.098877
11590.246582	-92.690895
11595.629883	-92.469292
11601.013184	-95.437271
11606.396484	-97.564743
11611.779785	-95.288658
11617.163086	-94.934929
11622.546387	-92.640732
11627.929688	-89.304268
11633.312988	-87.920837
11638.696289	-89.112335
11644.079590	-91.306801
11649.462891	-90.458549
11654.846191	-89.090996
11660.229492	-87.558350
11665.612793	-86.309669
11670.996094	-84.452332
11676.379395	-83.763535
11681.762695	-85.439339
11687.145996	-86.708145
11692.529297	-85.261932
11697.912598	-84.548882
11703.295898	-85.877831
11708.679199	-88.970924
11714.062500	-88.741570
11719.445801	-87.288483
11724.829102	-88.132965
11730.212402	-88.818092
11735.595703	-88.884949
11740.979004	-90.347397
11746.362305	-92.802208
11751.745605	-89.222694
11757.128906	-85.817940
11762.512207	-85.696175
11767.895508	-87.603844
11773.278809	-88.059006
11778.662109	-87.920349
11784.045410	-86.300858
11789.428711	-84.746689
11794.812012	-83.572823
11800.195312	-83.211281
11805.578613	-85.029915
11810.961914	-87.202568
11816.345215	-85.571609
11821.728516	-84.741173
11827.111816	-85.883545
11832.495117	-88.166298
11837.878418	-88.416016
11843.261719	-86.483223
11848.645020	-86.068756
11854.028320	-86.077309
11859.411621	-86.132805
11864.794922	-87.449356
11870.178223	-90.845581
11875.561523	-94.807297
11880.944824	-90.163078
11886.328125	-89.137985
11891.711426	-92.057693
11897.094727	-92.209671
11902.478027	-90.465012
11907.861328	-90.431488
11913.244629	-91.383430
11918.627930	-93.105003
11924.011230	-95.182251
11929.394531	-97.697701
11934.777832	-100.237587
11940.161133	-97.418114
11945.544434	-94.925247
11950.927734	-94.643097
11956.311035	-95.540009
11961.694336	-96.483170
11967.077637	-96.613655
11972.460938	-96.698013
11977.844238	-97.607368
11983.227539	-97.194023
11988.610840	-96.693474
11993.994141	-98.384605
11999.377441	-96.886581
12004.760742	-92.469910
12010.144043	-90.083061
12015.527344	-90.211700
12020.910645	-91.328705
12026.293945	-89.702866
12031.677246	-88.481941
12037.060547	-88.930672
12042.443848	-90.370804
12047.827148	-91.906273
12053.210449	-95.034134
12058.593750	-94.478394
12063.977051	-89.465019
12069.360352	-86.972672
12074.743652	-87.219376
12080.126953	-91.361053
12085.510254	-93.479904
12090.893555	-87.254616
12096.276855	-86.441307
12101.660156	-88.936882
12107.043457	-90.087334
12112.426758	-88.875801
12117.810059	-89.062370
12123.193359	-90.576462
12128.576660	-90.479904
12133.959961	-88.340256
12139.343262	-87.057152
12144.726562	-86.140419
12150.109863	-84.950920
12155.493164	-85.425095
12160.876465	-87.835854
12166.259766	-90.656784
12171.643066	-93.844948
12177.026367	-95.279716
12182.409668	-91.622375
12187.792969	-89.686783
12193.176270	-89.068916
12198.559570	-88.835976
12203.942871	-90.833702
12209.326172	-96.313072
12214.709473	-87.314186
12220.092773	-85.063339
12225.476074	-86.621841
12230.859375	-88.275787
12236.242676	-88.283943
12241.625977	-87.130714
12247.009277	-86.552429
12252.392578	-86.258125
12257.775879	-85.945831
12263.159180	-85.445908
12268.542480	-84.883942
12273.925781	-86.042030
12279.309082	-90.337341
12284.692383	-86.969589
12290.075684	-81.909821
12295.458984	-79.953209
12300.842285	-79.286026
12306.225586	-78.429672
12311.608887	-78.779236
12316.992188	-80.268356
12322.375488	-81.189102
12327.758789	-82.774635
12333.142090	-88.799698
12338.525391	-82.180191
12343.908691	-76.981422
12349.291992	-75.849136
12354.675293	-76.493492
12360.058594	-77.407478
12365.441895	-76.451530
12370.825195	-75.814285
12376.208496	-76.570312
12381.591797	-76.523979
12386.975098	-74.884102
12392.358398	-73.610855
12397.741699	-72.610519
12403.125000	-73.374054
12408.508301	-77.489235
12413.891602	-78.781113
12419.274902	-76.088531
12424.658203	-75.283279
12430.041504	-73.900208
12435.424805	-72.888062
12440.808105	-72.969849
12446.191406	-72.244301
12451.574707	-71.309845
12456.958008	-72.461403
12462.341309	-76.558044
12467.724609	-77.157120
12473.107910	-73.754669
12478.491211	-72.016388
12483.874512	-70.844406
12489.257812	-70.290886
12494.641113	-70.648766
12500.024414	-72.404182
12505.407715	-74.754593
12510.791016	-74.119698
12516.174316	-72.606621
12521.557617	-71.369011
12526.940918	-70.614830
12532.324219	-72.051628
12537.707520	-75.764664
12543.090820	-80.049232
12548.474121	-79.505791
12553.857422	-76.713531
12559.240723	-74.668396
12564.624023	-73.570694
12570.007324	-72.246582
12575.390625	-70.546768
12580.773926	-69.944748
12586.157227	-71.055405
12591.540527	-73.133331
12596.923828	-73.372620
12602.307129	-72.698891
12607.690430	-70.746552
12613.073730	-69.377823
12618.457031	-69.789711
12623.840332	-71.763939
12629.223633	-74.798073
12634.606934	-75.640388
12639.990234	-73.613541
12645.373535	-72.262489
12650.756836	-71.666634
12656.140137	-72.966660
12661.523438	-77.365280
12666.906738	-84.241180
12672.290039	-86.263550
12677.673340	-83.008766
12683.056641	-80.912842
12688.439941	-78.725594
12693.823242	-77.664879
12699.206543	-75.873405
12704.589844	-72.826645
12709.973145	-71.378876
12715.356445	-71.886360
12720.739746	-72.748283
12726.123047	-73.704765
12731.506348	-74.553925
12736.889648	-74.368828
12742.272949	-74.333389
12747.656250	-76.075912
12753.039551	-80.346756
12758.422852	-80.767517
12763.806152	-77.559235
12769.189453	-77.010124
12774.572754	-75.522270
12779.956055	-74.193810
12785.339355	-75.868996
12790.722656	-80.278275
12796.105957	-85.527077
12801.489258	-90.585297
12806.872559	-90.023041
12812.255859	-88.615891
12817.639160	-85.360313
12823.022461	-82.742859
12828.405762	-80.741409
12833.789062	-79.984543
12839.172363	-80.190277
12844.555664	-80.513878
12849.938965	-80.989960
12855.322266	-82.051338
12860.705566	-83.086800
12866.088867	-83.751129
12871.472168	-84.764801
12876.855469	-87.376930
12882.238770	-90.090881
12887.622070	-89.093079
12893.005371	-89.422577
12898.388672	-96.034904
12903.771973	-93.009804
12909.155273	-89.428085
12914.538574	-91.513687
12919.921875	-96.471855
12925.305176	-102.143204
12930.688477	-105.575874
12936.071777	-100.858604
12941.455078	-98.276817
12946.838379	-98.057205
12952.221680	-99.721535
12957.604980	-99.666588
12962.988281	-96.060379
12968.371582	-94.252052
12973.754883	-95.212997
12979.138184	-97.245117
12984.521484	-97.455254
12989.904785	-96.247925
12995.288086	-95.316208
13000.671387	-94.152969
13006.054688	-93.125954
13011.437988	-93.435287
13016.821289	-95.031357
13022.204590	-100.667725
13027.587891	-99.264854
13032.971191	-93.349228
13038.354492	-91.692589
13043.737793	-92.598579
13049.121094	-94.889481
13054.504395	-94.793411
13059.887695	-93.027557
13065.270996	-92.851631
13070.654297	-94.247986
13076.037598	-94.166000
13081.420898	-93.048431
13086.804199	-93.723541
13092.187500	-95.164909
13097.570801	-90.871323
13102.954102	-88.385994
13108.337402	-88.690147
13113.720703	-90.486839
13119.104004	-91.713425
13124.487305	-91.782639
13129.870605	-90.771629
13135.253906	-90.036301
13140.637207	-90.211121
13146.020508	-93.901039
13151.403809	-94.672256
13156.787109	-86.698860
13162.170410	-83.806946
13167.553711	-84.047302
13172.937012	-87.005051
13178.320312	-89.317070
13183.703613	-88.509033
13189.086914	-88.545517
13194.470215	-91.159058
13199.853516	-94.126244
13205.236816	-90.131493
13210.620117	-89.505699
13216.003418	-94.389603
13221.386719	-87.479340
13226.770020	-84.136360
13232.153320	-84.906914
13237.536621	-87.885368
13242.919922	-89.567543
13248.303223	-90.041931
13253.686523	-89.322968
13259.069824	-88.051712
13264.453125	-88.801292
13269.836426	-94.281563
13275.219727	-95.060333
13280.603027	-85.979843
13285.986328	-83.445473
13291.369629	-83.632652
13296.752930	-85.947052
13302.136230	-91.233566
13307.519531	-91.428696
13312.902832	-88.750244
13318.286133	-90.898499
13323.669434	-95.747063
13329.052734	-91.174034
13334.436035	-91.847542
13339.819336	-95.632820
13345.202637	-88.469521
13350.585938	-86.377274
13355.969238	-86.839783
13361.352539	-86.366386
13366.735840	-85.290016
13372.119141	-85.548363
13377.502441	-86.373802
13382.885742	-86.516762
13388.269043	-86.560600
13393.652344	-87.139366
13399.035645	-87.444824
13404.418945	-83.385300
13409.802246	-79.751579
13415.185547	-78.084244
13420.568848	-78.632660
13425.952148	-82.136513
13431.335449	-81.677673
13436.718750	-77.848076
13442.102051	-77.626556
13447.485352	-79.957298
13452.868652	-81.618439
13458.251953	-81.569817
13463.635254	-83.374237
13469.018555	-83.698814
13474.401855	-80.466614
13479.785156	-79.936691
13485.168457	-80.665680
13490.551758	-80.204544
13495.935059	-79.668503
13501.318359	-80.680801
13506.701660	-82.003494
13512.084961	-81.865341
13517.468262	-81.042534
13522.851562	-79.906036
13528.234863	-76.203308
13533.618164	-72.816635
13539.001465	-71.114189
13544.384766	-71.095688
13549.768066	-73.648201
13555.151367	-78.800377
13560.534668	-77.027748
13565.917969	-75.754539
13571.301270	-78.263054
13576.684570	-80.853127
13582.067871	-80.789490
13587.451172	-81.669411
13592.834473	-86.752251
13598.217773	-88.533409
13603.601074	-80.716240
13608.984375	-77.931396
13614.367676	-78.021683
13619.750977	-80.159203
13625.134277	-81.236076
13630.517578	-80.117943
13635.900879	-78.644653
13641.284180	-77.806343
13646.667480	-77.241409
13652.050781	-74.692070
13657.434082	-72.510826
13662.817383	-72.082291
13668.200684	-73.148781
13673.583984	-76.031097
13678.967285	-82.316727
13684.350586	-83.319283
13689.733887	-78.462982
13695.117188	-77.053261
13700.500488	-78.014290
13705.883789	-82.119583
13711.267090	-87.441566
13716.650391	-92.034691
13722.033691	-86.023750
13727.416992	-80.665680
13732.800293	-79.754265
13738.183594	-82.922119
13743.566895	-89.783813
13748.950195	-84.522644
13754.333496	-81.847260
13759.716797	-81.307640
13765.100098	-80.867340
13770.483398	-79.812073
13775.866699	-78.828697
13781.250000	-78.776352
13786.633301	-79.733032
13792.016602	-81.419662
13797.399902	-83.876961
13802.783203	-87.030479
13808.166504	-88.594933
13813.549805	-87.923538
13818.933105	-87.443390
13824.316406	-88.552231
13829.699707	-91.879753
13835.083008	-93.365410
13840.466309	-93.351189
13845.849609	-88.362663
13851.232910	-84.145264
13856.616211	-82.072319
13861.999512	-81.120064
13867.382812	-80.961746
13872.766113	-80.821861
13878.149414	-80.844833
13883.532715	-81.643532
13888.916016	-82.886223
13894.299316	-82.730843
13899.682617	-80.691360
13905.065918	-78.104134
13910.449219	-76.049072
13915.832520	-75.413246
13921.215820	-76.365875
13926.599121	-78.482658
13931.982422	-83.356964
13937.365723	-89.117241
13942.749023	-81.761513
13948.132324	-78.939880
13953.515625	-79.601692
13958.898926	-82.498650
13964.282227	-82.967735
13969.665527	-84.788651
13975.048828	-87.054863
13980.432129	-82.883995
13985.815430	-80.032166
13991.198730	-79.068352
13996.582031	-79.183914
14001.965332	-80.008369
14007.348633	-81.311279
14012.731934	-81.247879
14018.115234	-80.205437
14023.498535	-79.645622
14028.881836	-79.616264
14034.265137	-77.285995
14039.648438	-74.754852
14045.031738	-74.943954
14050.415039	-76.107941
14055.798340	-77.003952
14061.181641	-81.443863
14066.564941	-84.747635
14071.948242	-79.596054
14077.331543	-77.588135
14082.714844	-79.425240
14088.098145	-81.286575
14093.481445	-81.803268
14098.864746	-84.591385
14104.248047	-84.240997
14109.631348	-79.007668
14115.014648	-76.562469
14120.397949	-76.924377
14125.781250	-78.356995
14131.164551	-78.784805
14136.547852	-78.691643
14141.931152	-79.055725
14147.314453	-79.604500
14152.697754	-80.887794
14158.081055	-79.136017
14163.464355	-74.886208
14168.847656	-73.462593
14174.230957	-74.064613
14179.614258	-74.953552
14184.997559	-77.738800
14190.380859	-79.752373
14195.764160	-76.272072
14201.147461	-74.829033
14206.530762	-76.520645
14211.914062	-78.896812
14217.297363	-80.595917
14222.680664	-83.872940
14228.063965	-88.924797
14233.447266	-80.395248
14238.830566	-76.810844
14244.213867	-78.184570
14249.597168	-82.484764
14254.980469	-78.958763
14260.363770	-75.419632
14265.747070	-74.799332
14271.130371	-76.189011
14276.513672	-79.608925
14281.896973	-80.825005
14287.280273	-74.690277
14292.663574	-71.968887
14298.046875	-72.114853
14303.430176	-73.422607
14308.813477	-76.251640
14314.196777	-85.340752
14319.580078	-81.691696
14324.963379	-78.489708
14330.346680	-80.410042
14335.729980	-82.551056
14341.113281	-80.417038
14346.496582	-78.385368
14351.879883	-78.653923
14357.263184	-77.522118
14362.646484	-74.204239
14368.029785	-73.632790
14373.413086	-74.574959
14378.796387	-72.529167
14384.179688	-70.827835
14389.562988	-71.221107
14394.946289	-73.814888
14400.329590	-78.685760
14405.712891	-79.345932
14411.096191	-73.928131
14416.479492	-71.304062
14421.862793	-70.954414
14427.246094	-72.058075
14432.629395	-74.067108
14438.012695	-76.978554
14443.395996	-77.242172
14448.779297	-75.693962
14454.162598	-75.450264
14459.545898	-75.416885
14464.929199	-74.641663
14470.312500	-73.582367
14475.695801	-74.176750
14481.079102	-78.447701
14486.462402	-83.788773
14491.845703	-78.906174
14497.229004	-78.241280
14502.612305	-76.146072
14507.995605	-74.712997
14513.378906	-75.132721
14518.762207	-76.950706
14524.145508	-80.276451
14529.528809	-82.424423
14534.912109	-78.590302
14540.295410	-75.158295
14545.678711	-74.263580
14551.062012	-75.828491
14556.445312	-79.637878
14561.828613	-84.995056
14567.211914	-87.472435
14572.595215	-88.785866
14577.978516	-87.838676
14583.361816	-82.063057
14588.745117	-80.792305
14594.128418	-79.509933
14599.511719	-77.363304
14604.895020	-79.081009
14610.278320	-88.052254
14615.661621	-84.587654
14621.044922	-81.261208
14626.428223	-81.388680
14631.811523	-81.602180
14637.194824	-82.384903
14642.578125	-82.230843
14647.961426	-82.087463
14653.344727	-82.135071
14658.728027	-80.256485
14664.111328	-77.515640
14669.494629	-75.893944
14674.877930	-76.063309
14680.261230	-78.099716
14685.644531	-80.756905
14691.027832	-81.483009
14696.411133	-82.224472
14701.794434	-86.255577
14707.177734	-87.604744
14712.561035	-81.802185
14717.944336	-79.398140
14723.327637	-77.540916
14728.710938	-77.648758
14734.094238	-81.395432
14739.477539	-89.680466
14744.860840	-87.931190
14750.244141	-87.679115
14755.627441	-86.071121
14761.010742	-83.610069
14766.394043	-83.554611
14771.777344	-84.187431
14777.160645	-83.147346
14782.543945	-81.419060
14787.927246	-80.737343
14793.310547	-80.960121
14798.693848	-80.704704
14804.077148	-81.144051
14809.460449	-83.004837
14814.843750	-83.253311
14820.227051	-83.360481
14825.610352	-84.674271
14830.993652	-85.511269
14836.376953	-86.353371
14841.760254	-86.253021
14847.143555	-83.445305
14852.526855	-81.493668
14857.910156	-81.790604
14863.293457	-84.238625
14868.676758	-87.654350
14874.060059	-89.453209
14879.443359	-86.912689
14884.826660	-83.767197
14890.209961	-81.951675
14895.593262	-81.544220
14900.976562	-81.372742
14906.359863	-80.236382
14911.743164	-79.558334
14917.126465	-80.940193
14922.509766	-82.786079
14927.893066	-82.190048
14933.276367	-82.481712
14938.659668	-80.392746
14944.042969	-78.040413
14949.426270	-78.005981
14954.809570	-79.595764
14960.192871	-82.741783
14965.576172	-81.955795
14970.959473	-78.323303
14976.342773	-76.956161
14981.726074	-76.876587
14987.109375	-77.883743
14992.492676	-80.669624
14997.875977	-84.828499
15003.259277	-87.959724
15008.642578	-86.281281
15014.025879	-79.569550
15019.409180	-76.658295
15024.792480	-77.285843
15030.175781	-78.839310
15035.559082	-77.718590
15040.942383	-77.200165
15046.325684	-78.865852
15051.708984	-80.970222
15057.092285	-83.042229
15062.475586	-81.431755
15067.858887	-78.348892
15073.242188	-78.786453
15078.625488	-80.333252
15084.008789	-80.448204
15089.392090	-80.377998
15094.775391	-80.261551
15100.158691	-79.867912
15105.541992	-78.881203
15110.925293	-77.344521
15116.308594	-76.877289
15121.691895	-77.722137
15127.075195	-79.244263
15132.458496	-81.869102
15137.841797	-82.986954
15143.225098	-81.011154
15148.608398	-80.789871
15153.991699	-82.419266
15159.375000	-83.347847
15164.758301	-82.397141
15170.141602	-82.999992
15175.524902	-86.809647
15180.908203	-89.534729
15186.291504	-87.602303
15191.674805	-87.513000
15197.058105	-90.101967
15202.441406	-89.873260
15207.824707	-82.952202
15213.208008	-79.856979
15218.591309	-80.627319
15223.974609	-83.912552
15229.357910	-85.750755
15234.741211	-85.468849
15240.124512	-86.237083
15245.507812	-89.032524
15250.891113	-91.836494
15256.274414	-91.739677
15261.657715	-88.185127
15267.041016	-85.006500
15272.424316	-84.094482
15277.807617	-85.819260
15283.190918	-89.595924
15288.574219	-92.125710
15293.957520	-91.670235
15299.340820	-94.070068
15304.724121	-97.648697
15310.107422	-92.513847
15315.490723	-91.137329
15320.874023	-92.405159
15326.257324	-92.429207
15331.640625	-91.589836
15337.023926	-91.859222
15342.407227	-93.181259
15347.790527	-95.539391
15353.173828	-98.442932
15358.557129	-97.739410
15363.940430	-92.131134
15369.323730	-90.021873
15374.707031	-89.873520
15380.090332	-90.741310
15385.473633	-92.853165
15390.856934	-93.157608
15396.240234	-92.506401
15401.623535	-94.092339
15407.006836	-93.905373
15412.390137	-91.444679
15417.773438	-90.522514
15423.156738	-89.929413
15428.540039	-90.507683
15433.923340	-90.708229
15439.306641	-87.906242
15444.689941	-85.787315
15450.073242	-85.063660
15455.456543	-85.280556
15460.839844	-86.362190
15466.223145	-87.424179
15471.606445	-86.193970
15476.989746	-86.448479
15482.373047	-88.162254
15487.756348	-85.668541
15493.139648	-83.841316
15498.522949	-83.991890
15503.906250	-84.420486
15509.289551	-84.627594
15514.672852	-83.142426
15520.056152	-81.632294
15525.439453	-82.895439
15530.822754	-88.221397
15536.206055	-91.046837
15541.589355	-87.806664
15546.972656	-88.312660
15552.355957	-89.253197
15557.739258	-88.344406
15563.122559	-88.625458
15568.505859	-89.808952
15573.889160	-87.491066
15579.272461	-84.226364
15584.655762	-82.463783
15590.039062	-82.590195
15595.422363	-83.466843
15600.805664	-84.215088
15606.188965	-84.689140
15611.572266	-86.667450
15616.955566	-88.767570
15622.338867	-88.533577
15627.722168	-90.261307
15633.105469	-90.328842
15638.488770	-87.114059
15643.872070	-84.905182
15649.255371	-84.965431
15654.638672	-88.060417
15660.021973	-95.701294
15665.405273	-92.688591
15670.788574	-88.349251
15676.171875	-86.800224
15681.555176	-87.245415
15686.938477	-91.122169
15692.321777	-102.651077
15697.705078	-92.340515
15703.088379	-89.005875
15708.471680	-87.094948
15713.854980	-85.275208
15719.238281	-85.291672
15724.621582	-87.876366
15730.004883	-90.057281
15735.388184	-90.148430
15740.771484	-90.697594
15746.154785	-91.182564
15751.538086	-95.998970
15756.921387	-95.188774
15762.304688	-90.327713
15767.687988	-89.822128
15773.071289	-92.543015
15778.454590	-92.779053
15783.837891	-95.538933
15789.221191	-103.320366
15794.604492	-91.329681
15799.987793	-87.674232
15805.371094	-86.793793
15810.754395	-88.938072
15816.137695	-96.985336
15821.520996	-91.683594
15826.904297	-87.562607
15832.287598	-86.643349
15837.670898	-86.267952
15843.054199	-86.133095
15848.437500	-87.732689
15853.820801	-90.894928
15859.204102	-89.831429
15864.587402	-88.050316
15869.970703	-88.644005
15875.354004	-91.573433
15880.737305	-96.606621
15886.120605	-92.945953
15891.503906	-91.051514
15896.887207	-92.643913
15902.270508	-95.199821
15907.653809	-97.714149
15913.037109	-97.996201
15918.420410	-92.656799
15923.803711	-91.126541
15929.187012	-91.952126
15934.570312	-94.306870
15939.953613	-97.678024
15945.336914	-96.559723
15950.720215	-95.810966
15956.103516	-96.233276
15961.486816	-92.631844
15966.870117	-89.617294
15972.253418	-89.537895
15977.636719	-91.428474
15983.020020	-91.679192
15988.403320	-89.563858
15993.786621	-87.798027
15999.169922	-88.687889
16004.553223	-93.691559
16009.936523	-92.471199
16015.319824	-88.153091
16020.703125	-86.266815
16026.086426	-87.047112
16031.469727	-90.616760
16036.853027	-87.029167
16042.236328	-83.402878
16047.619629	-82.757210
16053.002930	-84.362579
16058.386230	-89.017166
16063.769531	-101.793793
16069.152832	-91.881439
16074.536133	-89.831139
16079.919434	-89.526321
16085.302734	-86.381721
16090.686035	-82.536064
16096.069336	-82.000671
16101.452637	-85.400955
16106.835938	-89.376312
16112.219238	-86.429230
16117.602539	-84.210861
16122.985840	-83.508186
16128.369141	-85.383301
16133.752441	-85.530121
16139.135742	-81.199623
16144.519043	-80.152466
16149.902344	-81.293854
16155.285645	-83.730316
16160.668945	-84.219620
16166.052246	-81.433945
16171.435547	-80.599136
16176.818848	-82.505936
16182.202148	-87.645874
16187.585449	-97.875916
16192.968750	-90.927116
16198.352051	-88.276611
16203.735352	-86.573067
16209.118652	-85.689041
16214.501953	-83.234825
16219.885254	-80.889694
16225.268555	-82.021523
16230.651855	-86.039215
16236.035156	-86.085373
16241.418457	-84.357605
16246.801758	-84.554749
16252.185059	-86.288681
16257.568359	-87.824120
16262.951660	-81.958481
16268.334961	-79.955017
16273.718262	-81.505196
16279.101562	-84.376663
16284.484863	-84.578987
16289.868164	-82.500092
16295.251465	-81.557228
16300.634766	-82.862671
16306.018066	-86.011429
16311.401367	-86.332237
16316.784668	-84.523628
16322.167969	-84.968895
16327.551270	-85.437302
16332.934570	-84.455589
16338.317871	-84.460510
16343.701172	-82.660980
16349.084473	-82.439354
16354.467773	-85.922676
16359.851074	-86.921112
16365.234375	-83.707901
16370.617676	-83.497086
16376.000977	-85.777367
16381.384277	-88.492294
16386.767578	-83.660011
16392.150879	-80.442673
16397.534180	-80.909470
16402.917480	-82.896591
16408.300781	-83.035744
16413.684082	-82.326462
16419.067383	-82.283356
16424.450684	-83.422722
16429.833984	-86.028137
16435.217285	-87.194817
16440.600586	-85.736732
16445.983887	-85.515877
16451.367188	-84.786713
16456.750488	-82.615448
16462.133789	-81.148888
16467.517090	-79.845680
16472.900391	-78.912109
16478.283691	-79.685638
16483.666992	-81.391075
16489.050293	-82.471672
16494.433594	-84.394638
16499.816895	-86.440125
16505.200195	-85.649109
16510.583496	-83.650993
16515.966797	-81.685684
16521.350098	-81.756554
16526.733398	-81.664993
16532.116699	-80.190323
16537.500000	-79.105820
16542.883301	-78.861862
16548.266602	-79.164314
16553.649902	-80.109947
16559.033203	-81.464394
16564.416504	-82.736115
16569.799805	-83.580948
16575.183105	-84.419357
16580.566406	-82.561882
16585.949707	-80.261269
16591.333008	-78.551033
16596.716309	-78.108498
16602.099609	-80.060516
16607.482910	-83.950729
16612.866211	-83.310005
16618.249512	-80.801369
16623.632812	-80.239059
16629.016113	-82.973389
16634.399414	-85.728378
16639.782715	-80.877243
16645.166016	-81.388374
16650.549316	-85.009804
16655.932617	-84.244308
16661.315918	-83.415047
16666.699219	-83.854218
16672.082520	-83.991333
16677.465820	-84.481430
16682.849121	-85.217842
16688.232422	-86.270790
16693.615723	-86.418251
16698.999023	-86.447861
16704.382324	-88.408691
16709.765625	-87.884552
16715.148926	-86.397934
16720.532227	-84.253601
16725.915527	-82.811203
16731.298828	-84.633171
16736.682129	-88.326584
16742.065430	-85.749420
16747.448730	-83.126915
16752.832031	-82.355705
16758.215332	-82.792717
16763.598633	-82.331451
16768.981934	-80.718163
16774.365234	-80.271286
16779.748535	-80.405083
16785.131836	-79.766357
16790.515137	-80.506462
16795.898438	-84.282059
16801.281738	-91.507095
16806.665039	-102.721886
16812.048340	-92.711075
16817.431641	-87.819984
16822.814941	-85.443810
16828.198242	-84.150223
16833.581543	-83.253044
16838.964844	-81.812729
16844.348145	-80.029984
16849.731445	-78.991058
16855.114746	-79.182480
16860.498047	-80.674194
16865.881348	-82.167580
16871.264648	-83.364059
16876.647949	-85.108986
16882.031250	-85.464149
16887.414551	-85.799789
16892.797852	-84.739525
16898.181152	-82.856529
16903.564453	-82.555298
16908.947754	-82.480316
16914.331055	-83.243347
16919.714355	-88.475464
16925.097656	-100.987511
16930.480957	-91.267891
16935.864258	-88.375671
16941.247559	-87.936142
16946.630859	-89.481018
16952.014160	-88.385498
16957.397461	-86.845299
16962.780762	-85.722588
16968.164062	-84.730629
16973.547363	-85.084846
16978.930664	-87.430756
16984.313965	-88.710800
16989.697266	-86.969788
16995.080566	-86.509895
17000.463867	-89.692619
17005.847168	-98.273521
17011.230469	-94.787582
17016.613770	-92.280251
17021.997070	-91.120110
17027.380371	-90.858253
17032.763672	-91.928909
17038.146973	-90.604759
17043.530273	-91.135231
17048.913574	-93.986237
17054.296875	-91.117928
17059.680176	-88.778946
17065.063477	-88.679146
17070.446777	-90.545731
17075.830078	-90.696960
17081.213379	-88.598595
17086.596680	-86.677353
17091.979980	-85.044930
17097.363281	-84.616341
17102.746582	-85.228172
17108.129883	-86.529823
17113.513184	-87.813324
17118.896484	-88.783424
17124.279785	-89.940010
17129.663086	-91.786591
17135.046387	-94.883179
17140.429688	-97.099464
17145.812988	-95.588028
17151.196289	-95.248268
17156.579590	-93.098053
17161.962891	-92.748016
17167.346191	-93.981506
17172.729492	-93.936127
17178.112793	-95.454414
17183.496094	-95.312668
17188.879395	-94.005226
17194.262695	-93.777199
17199.645996	-94.183640
17205.029297	-92.055099
17210.412598	-88.624069
17215.795898	-87.260323
17221.179199	-89.298393
17226.562500	-90.733612
17231.945801	-88.848183
17237.329102	-88.704483
17242.712402	-90.471596
17248.095703	-92.563599
17253.479004	-92.514259
17258.862305	-89.400238
17264.245605	-86.402916
17269.628906	-83.756294
17275.012207	-82.992691
17280.395508	-85.102936
17285.778809	-85.703606
17291.162109	-83.261513
17296.545410	-82.072357
17301.928711	-83.096016
17307.312012	-84.165039
17312.695312	-84.651932
17318.078613	-84.951424
17323.461914	-84.268379
17328.845215	-83.970940
17334.228516	-81.748680
17339.611816	-78.958923
17344.995117	-79.615746
17350.378418	-83.708534
17355.761719	-84.535774
17361.145020	-83.704445
17366.528320	-84.794044
17371.911621	-85.255669
17377.294922	-84.791206
17382.678223	-84.340675
17388.061523	-82.249641
17393.444824	-79.948738
17398.828125	-78.479149
17404.211426	-79.441444
17409.594727	-81.484215
17414.978027	-81.255966
17420.361328	-81.139832
17425.744629	-83.129166
17431.127930	-86.874413
17436.511230	-90.313881
17441.894531	-91.522575
17447.277832	-85.258011
17452.661133	-82.363716
17458.044434	-80.389862
17463.427734	-78.042755
17468.811035	-77.201248
17474.194336	-79.110970
17479.577637	-81.389580
17484.960938	-81.494179
17490.344238	-83.252586
17495.727539	-86.331573
17501.110840	-86.956703
17506.494141	-85.442825
17511.877441	-83.447029
17517.260742	-82.263550
17522.644043	-80.587624
17528.027344	-79.967468
17533.410645	-80.269745
17538.793945	-79.407722
17544.177246	-79.108261
17549.560547	-80.526665
17554.943848	-83.498131
17560.327148	-86.648262
17565.710449	-92.140839
17571.093750	-86.118759
17576.477051	-83.720116
17581.860352	-84.054840
17587.243652	-83.700897
17592.626953	-83.557709
17598.010254	-85.153702
17603.393555	-83.319252
17608.776855	-81.077858
17614.160156	-80.888153
17619.543457	-80.278252
17624.926758	-79.295303
17630.310059	-80.127998
17635.693359	-81.286736
17641.076660	-81.099854
17646.459961	-81.038750
17651.843262	-82.320236
17657.226562	-86.738945
17662.609863	-87.063820
17667.993164	-82.442146
17673.376465	-80.580765
17678.759766	-80.217339
17684.143066	-80.941147
17689.526367	-81.576401
17694.909668	-81.668182
17700.292969	-82.014412
17705.676270	-82.688454
17711.059570	-83.499306
17716.442871	-86.387383
17721.826172	-86.591721
17727.209473	-80.141876
17732.592773	-79.346184
17737.976074	-81.522102
17743.359375	-82.868896
17748.742676	-81.302414
17754.125977	-80.772995
17759.509277	-82.873093
17764.892578	-84.756653
17770.275879	-84.920143
17775.659180	-84.214653
17781.042480	-87.339622
17786.425781	-92.741341
17791.809082	-85.430588
17797.192383	-81.102089
17802.575684	-77.784714
17807.958984	-77.615501
17813.342285	-80.881981
17818.725586	-86.679733
17824.108887	-87.446671
17829.492188	-86.115211
17834.875488	-85.964745
17840.258789	-85.266029
17845.642090	-87.897629
17851.025391	-95.463089
17856.408691	-89.852592
17861.791992	-91.801682
17867.175293	-94.732391
17872.558594	-85.347702
17877.941895	-79.663475
17883.325195	-78.183990
17888.708496	-78.905426
17894.091797	-79.916138
17899.475098	-80.377274
17904.858398	-81.947128
17910.241699	-86.924065
17915.625000	-95.219269
17921.008301	-89.601753
17926.391602	-82.635780
17931.774902	-80.704765
17937.158203	-82.266731
17942.541504	-85.712753
17947.924805	-88.676918
17953.308105	-90.437141
17958.691406	-87.401833
17964.074707	-85.062088
17969.458008	-87.994644
17974.841309	-93.162193
17980.224609	-86.129036
17985.607910	-85.971771
17990.991211	-87.886292
17996.374512	-86.636948
18001.757812	-83.852119
18007.141113	-83.440598
18012.524414	-85.550720
18017.907715	-88.772026
18023.291016	-90.164719
18028.674316	-90.525871
18034.057617	-93.899849
18039.440918	-95.882034
18044.824219	-92.181061
18050.207520	-87.957222
18055.590820	-85.311440
18060.974121	-84.855270
18066.357422	-86.329140
18071.740723	-88.939835
18077.124023	-90.659744
18082.507324	-89.053391
18087.890625	-86.524178
18093.273926	-85.577911
18098.657227	-87.649971
18104.040527	-94.402397
18109.423828	-99.911926
18114.807129	-97.234917
18120.190430	-93.266273
18125.573730	-88.695732
18130.957031	-85.751144
18136.340332	-84.798820
18141.723633	-85.025864
18147.106934	-84.825920
18152.490234	-84.148689
18157.873535	-85.301033
18163.256836	-90.137833
18168.640137	-99.171150
18174.023438	-105.667206
18179.406738	-95.868080
18184.790039	-90.021034
18190.173340	-89.230873
18195.556641	-91.560165
18200.939941	-95.064415
18206.323242	-93.882668
18211.706543	-88.971085
18217.089844	-86.837151
18222.473145	-88.150414
18227.856445	-93.601509
18233.239746	-95.137657
18238.623047	-91.852280
18244.006348	-91.206398
18249.389648	-91.607330
18254.772949	-92.275330
18260.156250	-92.964432
18265.539551	-92.956604
18270.922852	-91.477318
18276.306152	-90.682785
18281.689453	-91.705162
18287.072754	-93.381523
18292.456055	-94.050873
18297.839355	-96.151825
18303.222656	-97.972275
18308.605957	-91.274902
18313.989258	-88.055267
18319.372559	-87.287086
18324.755859	-89.022743
18330.139160	-95.218910
18335.522461	-94.181732
18340.905762	-89.786774
18346.289062	-90.246429
18351.672363	-94.089394
18357.055664	-94.328545
18362.438965	-89.853088
18367.822266	-88.679886
18373.205566	-90.385834
18378.588867	-92.789932
18383.972168	-93.052864
18389.355469	-93.179832
18394.738770	-93.045975
18400.122070	-91.224617
18405.505371	-90.725700
18410.888672	-90.632080
18416.271973	-90.221489
18421.655273	-92.501907
18427.038574	-103.600372
18432.421875	-92.836739
18437.805176	-87.400841
18443.188477	-85.804512
18448.571777	-86.823753
18453.955078	-91.165535
18459.338379	-95.637512
18464.721680	-90.520157
18470.104980	-88.692902
18475.488281	-90.568649
18480.871582	-93.024529
18486.254883	-87.912560
18491.638184	-85.922707
18497.021484	-87.426781
18502.404785	-90.562256
18507.788086	-90.964081
18513.171387	-90.265892
18518.554688	-89.954994
18523.937988	-88.022865
18529.321289	-85.690514
18534.704590	-85.184151
18540.087891	-86.225685
18545.471191	-88.511765
18550.854492	-94.094093
18556.237793	-91.536217
18561.621094	-85.570587
18567.004395	-83.632248
18572.387695	-84.042549
18577.770996	-85.776711
18583.154297	-85.366196
18588.537598	-83.356285
18593.920898	-83.166237
18599.304199	-85.517670
18604.687500	-89.294571
18610.070801	-88.421745
18615.454102	-86.337196
18620.837402	-87.185333
18626.220703	-90.728783
18631.604004	-93.404305
18636.987305	-91.371147
18642.370605	-89.362206
18647.753906	-88.822624
18653.137207	-87.375885
18658.520508	-85.356796
18663.903809	-84.680939
18669.287109	-84.839470
18674.670410	-86.057922
18680.053711	-87.552734
18685.437012	-85.756821
18690.820312	-84.035477
18696.203613	-83.191566
18701.586914	-83.160049
18706.970215	-84.568176
18712.353516	-85.853935
18717.736816	-85.798271
18723.120117	-86.330986
18728.503418	-87.567368
18733.886719	-87.387886
18739.270020	-84.568634
18744.653320	-84.271027
18750.036621	-88.274658
18755.419922	-97.511200
18760.803223	-94.525688
18766.186523	-89.609459
18771.569824	-88.423889
18776.953125	-90.612511
18782.336426	-90.851761
18787.719727	-89.433144
18793.103027	-90.082016
18798.486328	-91.041641
18803.869629	-91.619064
18809.252930	-91.842339
18814.636230	-90.463104
18820.019531	-89.370224
18825.402832	-90.468819
18830.786133	-96.506477
18836.169434	-98.940598
18841.552734	-93.204720
18846.936035	-92.143700
18852.319336	-92.280441
18857.702637	-92.932838
18863.085938	-95.274933
18868.469238	-96.023804
18873.852539	-96.152718
18879.235840	-101.586746
18884.619141	-108.295113
18890.002441	-99.877914
18895.385742	-95.146881
18900.769043	-94.589699
18906.152344	-96.582695
18911.535645	-99.649727
18916.918945	-105.290932
18922.302246	-100.782127
18927.685547	-100.020027
18933.068848	-99.686569
18938.452148	-97.898186
18943.835449	-96.366623
18949.218750	-97.433571
18954.602051	-101.162750
18959.985352	-99.028969
18965.368652	-97.060051
18970.751953	-98.664093
18976.135254	-100.229584
18981.518555	-98.545509
18986.901855	-96.588394
18992.285156	-95.453262
18997.668457	-95.053307
19003.051758	-96.498398
19008.435059	-97.788605
19013.818359	-95.364380
19019.201660	-93.899811
19024.584961	-94.545441
19029.968262	-96.232925
19035.351562	-96.943504
19040.734863	-95.977318
19046.118164	-94.825371
19051.501465	-95.622398
19056.884766	-100.321648
19062.268066	-96.613670
19067.651367	-93.330833
19073.034668	-94.425308
19078.417969	-98.172401
19083.801270	-98.739075
19089.184570	-96.548302
19094.567871	-95.896255
19099.951172	-95.544289
19105.334473	-94.076660
19110.717773	-94.160301
19116.101074	-96.867271
19121.484375	-99.532417
19126.867676	-100.221748
19132.250977	-101.601295
19137.634277	-100.719368
19143.017578	-96.041489
19148.400879	-92.106911
19153.784180	-90.661018
19159.167480	-91.133118
19164.550781	-93.100006
19169.934082	-94.902702
19175.317383	-94.128410
19180.700684	-95.683853
19186.083984	-98.620644
19191.467285	-96.441650
19196.850586	-96.031433
19202.233887	-98.938759
19207.617188	-100.707420
19213.000488	-95.448227
19218.383789	-94.819092
19223.767090	-99.042213
19229.150391	-103.193871
19234.533691	-96.649590
19239.916992	-95.011833
19245.300293	-95.613014
19250.683594	-97.171036
19256.066895	-99.435875
19261.450195	-100.430511
19266.833496	-97.716469
19272.216797	-92.795753
19277.600098	-89.827347
19282.983398	-89.575653
19288.366699	-92.480667
19293.750000	-96.589920
19299.133301	-95.756966
19304.516602	-96.326874
19309.899902	-94.798927
19315.283203	-92.413269
19320.666504	-91.062531
19326.049805	-91.575356
19331.433105	-95.163200
19336.816406	-97.196442
19342.199707	-97.014748
19347.583008	-95.394806
19352.966309	-94.776512
19358.349609	-92.660141
19363.732910	-92.036324
19369.116211	-93.454979
19374.499512	-95.920769
19379.882812	-100.087990
19385.266113	-103.236404
19390.649414	-101.774185
19396.032715	-95.256973
19401.416016	-91.720619
19406.799316	-91.012100
19412.182617	-91.910538
19417.565918	-92.968681
19422.949219	-94.285866
19428.332520	-97.617340
19433.715820	-97.345917
19439.099121	-94.197685
19444.482422	-93.533585
19449.865723	-94.382156
19455.249023	-96.283394
19460.632324	-98.093834
19466.015625	-101.391312
19471.398926	-101.756432
19476.782227	-102.050827
19482.165527	-99.261703
19487.548828	-96.744202
19492.932129	-97.265114
19498.315430	-98.617577
19503.698730	-99.155304
19509.082031	-99.688324
19514.465332	-99.378136
19519.848633	-94.793869
19525.231934	-91.594078
19530.615234	-90.964638
19535.998535	-91.764427
19541.381836	-92.718689
19546.765137	-94.197952
19552.148438	-97.085655
19557.531738	-98.850197
19562.915039	-97.414467
19568.298340	-96.441902
19573.681641	-96.622490
19579.064941	-97.396317
19584.448242	-97.781448
19589.831543	-98.985626
19595.214844	-100.379959
19600.598145	-101.862129
19605.981445	-101.786674
19611.364746	-99.291885
19616.748047	-100.992058
19622.131348	-105.090744
19627.514648	-101.781097
19632.897949	-100.380959
19638.281250	-100.254265
19643.664551	-96.284073
19649.047852	-92.911606
19654.431152	-92.216927
19659.814453	-93.661621
19665.197754	-95.906769
19670.581055	-98.280930
19675.964355	-102.990997
19681.347656	-105.620773
19686.730957	-99.788559
19692.114258	-98.630310
19697.497559	-100.120354
19702.880859	-101.006523
19708.264160	-99.485489
19713.647461	-99.524025
19719.030762	-101.611473
19724.414062	-102.852814
19729.797363	-103.613083
19735.180664	-101.242188
19740.563965	-100.901909
19745.947266	-106.618851
19751.330566	-109.175995
19756.713867	-103.115112
19762.097168	-103.097977
19767.480469	-103.190598
19772.863770	-99.479630
19778.247070	-98.136070
19783.630371	-98.859650
19789.013672	-101.370979
19794.396973	-105.745491
19799.780273	-104.469795
19805.163574	-103.066826
19810.546875	-101.905685
19815.930176	-101.419395
19821.313477	-103.629967
19826.696777	-105.769676
19832.080078	-104.822662
19837.463379	-103.415268
19842.846680	-102.118408
19848.229980	-103.227745
19853.613281	-108.884605
19858.996582	-108.773300
19864.379883	-103.268845
19869.763184	-102.628677
19875.146484	-103.618324
19880.529785	-103.459694
19885.913086	-102.945915
19891.296387	-103.929497
19896.679688	-102.770393
19902.062988	-100.080795
19907.446289	-98.328300
19912.829590	-98.355705
19918.212891	-101.790474
19923.596191	-109.471046
19928.979492	-109.469887
19934.362793	-106.930161
19939.746094	-104.342285
19945.129395	-106.573532
19950.512695	-111.027405
19955.895996	-104.265846
19961.279297	-100.430420
19966.662598	-98.875008
19972.045898	-99.325569
19977.429199	-102.106689
19982.812500	-106.698174
19988.195801	-105.000366
19993.579102	-101.913826
19998.962402	-101.791885
20004.345703	-102.651291
20009.729004	-102.917099
20015.112305	-104.091927
20020.495605	-104.899429
20025.878906	-103.790421
20031.262207	-102.857193
20036.645508	-101.466209
20042.028809	-101.535828
20047.412109	-105.790245
20052.795410	-116.684921
20058.178711	-114.253494
20063.562012	-110.493187
20068.945312	-111.083427
20074.328613	-114.637421
20079.711914	-109.438034
20085.095215	-102.628258
20090.478516	-99.930183
20095.861816	-99.667465
20101.245117	-100.517136
20106.628418	-101.497871
20112.011719	-103.584206
20117.395020	-108.296936
20122.778320	-111.151970
20128.161621	-110.507668
20133.544922	-106.367477
20138.928223	-104.854561
20144.311523	-105.841949
20149.694824	-105.800049
20155.078125	-107.399910
20160.461426	-116.679985
20165.844727	-110.209290
20171.228027	-108.126480
20176.611328	-108.819489
20181.994629	-109.186630
20187.377930	-111.509956
20192.761230	-112.539078
20198.144531	-110.927727
20203.527832	-107.558075
20208.911133	-104.567780
20214.294434	-102.252052
20219.677734	-101.902718
20225.061035	-103.268250
20230.444336	-105.752350
20235.827637	-110.128204
20241.210938	-115.919968
20246.594238	-113.624031
20251.977539	-115.846703
20257.360840	-117.550537
20262.744141	-110.582298
20268.127441	-108.787025
20273.510742	-107.120247
20278.894043	-106.555870
20284.277344	-110.267632
20289.660645	-113.727524
20295.043945	-111.000397
20300.427246	-108.701286
20305.810547	-107.228447
20311.193848	-107.542564
20316.577148	-107.309425
20321.960449	-107.948380
20327.343750	-108.253822
20332.727051	-106.971748
20338.110352	-104.782318
20343.493652	-103.761147
20348.876953	-104.219841
20354.260254	-105.518471
20359.643555	-107.475754
20365.026855	-110.538673
20370.410156	-114.188858
20375.793457	-117.091873
20381.176758	-121.957626
20386.560059	-116.949150
20391.943359	-113.385033
20397.326660	-112.471878
20402.709961	-110.958069
20408.093262	-112.470268
20413.476562	-115.450516
20418.859863	-112.288521
20424.243164	-109.962090
20429.626465	-108.700531
20435.009766	-107.842125
20440.393066	-107.022942
20445.776367	-106.969444
20451.159668	-107.889809
20456.542969	-108.312569
20461.926270	-107.251328
20467.309570	-106.011940
20472.692871	-106.397995
20478.076172	-108.331757
20483.459473	-110.002495
20488.842773	-110.562805
20494.226074	-110.843933
20499.609375	-112.433311
20504.992676	-115.018555
20510.375977	-115.939171
20515.759277	-115.669838
20521.142578	-113.230072
20526.525879	-111.911957
20531.909180	-112.783241
20537.292480	-114.999763
20542.675781	-118.678322
20548.059082	-119.728981
20553.442383	-116.355209
20558.825684	-114.819252
20564.208984	-111.847702
20569.592285	-109.561020
20574.975586	-109.284119
20580.358887	-110.425163
20585.742188	-112.529007
20591.125488	-110.705757
20596.508789	-109.265213
20601.892090	-110.628693
20607.275391	-114.703644
20612.658691	-117.773880
20618.041992	-111.120209
20623.425293	-109.331261
20628.808594	-111.221725
20634.191895	-112.458817
20639.575195	-110.472290
20644.958496	-110.206177
20650.341797	-112.813950
20655.725098	-117.781586
20661.108398	-117.378204
20666.491699	-115.438736
20671.875000	-113.649841
20677.258301	-111.569046
20682.641602	-111.691132
20688.024902	-112.563080
20693.408203	-110.447914
20698.791504	-108.840584
20704.174805	-109.573265
20709.558105	-113.926598
20714.941406	-114.386559
20720.324707	-109.815544
20725.708008	-108.529739
20731.091309	-109.731682
20736.474609	-113.247887
20741.857910	-113.584579
20747.241211	-111.408745
20752.624512	-111.345215
20758.007812	-113.321594
20763.391113	-115.653793
20768.774414	-115.243378
20774.157715	-114.568085
20779.541016	-115.034546
20784.924316	-114.766472
20790.307617	-115.110336
20795.690918	-117.198975
20801.074219	-116.409912
20806.457520	-114.497955
20811.840820	-114.579483
20817.224121	-114.090912
20822.607422	-113.684807
20827.990723	-115.602425
20833.374023	-120.768616
20838.757324	-120.391068
20844.140625	-115.034859
20849.523926	-113.285004
20854.907227	-113.172440
20860.290527	-115.175232
20865.673828	-117.883263
20871.057129	-113.985977
20876.440430	-111.713715
20881.823730	-112.482788
20887.207031	-114.925339
20892.590332	-115.031982
20897.973633	-114.829079
20903.356934	-116.827324
20908.740234	-119.347588
20914.123535	-119.325401
20919.506836	-119.460289
20924.890137	-121.150909
20930.273438	-119.715942
20935.656738	-117.942505
20941.040039	-117.110252
20946.423340	-117.073265
20951.806641	-118.959381
20957.189941	-123.938950
20962.573242	-132.503540
20967.956543	-125.537910
20973.339844	-122.016434
20978.723145	-123.256393
20984.106445	-126.626312
20989.489746	-125.306541
20994.873047	-121.470894
21000.256348	-120.050644
21005.639648	-120.999733
21011.022949	-123.034348
21016.406250	-122.873924
21021.789551	-122.862587
21027.172852	-125.906990
21032.556152	-130.954346
21037.939453	-131.311371
21043.322754	-129.414902
21048.706055	-129.146332
21054.089355	-127.054367
21059.472656	-125.033516
21064.855957	-124.279343
21070.239258	-124.135033
21075.622559	-125.665680
21081.005859	-130.167282
21086.389160	-133.668060
21091.772461	-131.405228
21097.155762	-128.456268
21102.539062	-129.010315
21107.922363	-132.358429
21113.305664	-132.111328
21118.688965	-129.225311
21124.072266	-126.624489
21129.455566	-126.713234
21134.838867	-128.961746
21140.222168	-129.989929
21145.605469	-130.447784
21150.988770	-132.747406
21156.372070	-132.797424
21161.755371	-134.412430
21167.138672	-135.155807
21172.521973	-134.586578
21177.905273	-133.672562
21183.288574	-132.915436
21188.671875	-131.677322
21194.055176	-131.559479
21199.438477	-132.939728
21204.821777	-136.885666
21210.205078	-141.256210
21215.588379	-137.562790
21220.971680	-131.328003
21226.354980	-130.564804
21231.738281	-133.220901
21237.121582	-133.884552
21242.504883	-133.018448
21247.888184	-132.234283
21253.271484	-130.491592
21258.654785	-130.612762
21264.038086	-132.318771
21269.421387	-134.682770
21274.804688	-134.277390
21280.187988	-133.349411
21285.571289	-133.940933
21290.954590	-135.680893
21296.337891	-136.208145
21301.721191	-136.771774
21307.104492	-134.418701
21312.487793	-132.708694
21317.871094	-132.925247
21323.254395	-135.856644
21328.637695	-140.661621
21334.020996	-146.465057
21339.404297	-147.244995
21344.787598	-139.721252
21350.170898	-136.664780
21355.554199	-138.027084
21360.937500	-139.416290
21366.320801	-139.464691
21371.704102	-140.936401
21377.087402	-138.311539
21382.470703	-135.994308
21387.854004	-138.170502
21393.237305	-142.041199
21398.620605	-139.442780
21404.003906	-138.256165
21409.387207	-139.215973
21414.770508	-142.162643
21420.153809	-143.814941
21425.537109	-144.154037
21430.920410	-138.286560
21436.303711	-136.375000
21441.687012	-136.250305
21447.070312	-139.621933
21452.453613	-143.179245
21457.836914	-147.446411
21463.220215	-149.687744
21468.603516	-150.753006
21473.986816	-146.123505
21479.370117	-147.097092
21484.753418	-148.552353
21490.136719	-151.230438
21495.520020	-149.544250
21500.903320	-151.220963
21506.286621	-148.757080
21511.669922	-148.619781
21517.053223	-150.931503
21522.436523	-153.570602
21527.819824	-148.579834
21533.203125	-148.950012
21538.586426	-148.263123
21543.969727	-151.205795
21549.353027	-148.960144
21554.736328	-149.743378
21560.119629	-147.634171
21565.502930	-149.436371
21570.886230	-149.950241
21576.269531	-154.555115
21581.652832	-157.459671
21587.036133	-158.113129
21592.419434	-160.469055
21597.802734	-165.521515
21603.186035	-155.962204
21608.569336	-160.999069
21613.952637	-159.789948
21619.335938	-158.287033
21624.719238	-161.022980
21630.102539	-160.977081
21635.485840	-156.993057
21640.869141	-163.054367
21646.252441	-159.421265
21651.635742	-161.457138
21657.019043	-160.149368
21662.402344	-159.864487
21667.785645	-160.582642
21673.168945	-160.911514
21678.552246	-159.593628
21683.935547	-157.512024
21689.318848	-159.382690
21694.702148	-159.197784
21700.085449	-161.402817
21705.468750	-162.886139
21710.852051	-161.045746
21716.235352	-165.966995
21721.618652	-161.607239
21727.001953	-163.872528
21732.385254	-162.740952
21737.768555	-164.195908
21743.151855	-163.669800
21748.535156	-164.829422
21753.918457	-161.478836
21759.301758	-164.343094
21764.685059	-161.930115
21770.068359	-163.885941
21775.451660	-163.073929
21780.834961	-165.090057
21786.218262	-159.859894
21791.601562	-160.157303
21796.984863	-158.171524
21802.368164	-156.370941
21807.751465	-161.824814
21813.134766	-156.930908
21818.518066	-169.754089
21823.901367	-159.131088
21829.284668	-170.277374
21834.667969	-160.810013
21840.051270	-168.864578
21845.434570	-161.789825
21850.817871	-167.501999
21856.201172	-161.192123
21861.584473	-168.125473
21866.967773	-161.663147
21872.351074	-168.118744
21877.734375	-160.943237
21883.117676	-169.968170
21888.500977	-159.873657
21893.884277	-169.349838
21899.267578	-158.381958
21904.650879	-165.164963
21910.034180	-155.038467
21915.417480	-156.843170
21920.800781	-150.272095
21926.184082	-150.822571
21931.567383	-153.891953
21936.950684	-153.646210
21942.333984	-163.033951
21947.717285	-157.594604
21953.100586	-170.906677
21958.483887	-159.593689
21963.867188	-170.805786
21969.250488	-160.724762
21974.633789	-168.797821
21980.017090	-161.417007
21985.400391	-169.622269
21990.783691	-161.831146
21996.166992	-169.563858
22001.550293	-160.922058
22006.933594	-169.150192
22012.316895	-161.668930
22017.700195	-168.486938
22023.083496	-162.105057
22028.466797	-167.946869
22033.850098	-161.624008
22039.233398	-167.823502
22044.616699	-162.402802
